1000 3000
1 579 39
1 921 67
1 939 48
1 960 51
1 227 15
1 336 19
2 864 43
2 678 3
2 590 2
2 559 72
2 548 8
2 750 92
2 68 28
2 487 54
3 241 18
3 451 2
3 257 70
3 56 42
3 862 48
3 340 11
4 153 43
4 613 32
4 307 86
4 798 99
4 710 4
4 553 37
4 834 19
4 525 69
5 944 38
5 740 41
5 161 38
5 543 88
5 25 8
5 164 54
6 913 46
6 514 77
7 397 20
7 461 71
7 761 8
7 389 26
7 455 42
7 171 17
8 680 90
8 738 3
8 566 5
8 92 21
8 72 38
8 330 8
8 594 14
9 182 37
9 282 59
9 411 55
9 256 99
9 505 67
9 897 6
9 999 80
10 655 30
10 383 30
10 604 67
10 103 86
10 94 54
11 789 40
11 779 58
11 202 61
11 968 91
11 851 3
11 423 43
11 198 46
11 369 54
12 716 26
12 459 69
12 977 13
12 174 2
12 936 52
12 452 55
13 731 20
13 188 7
13 24 71
13 256 43
13 838 74
13 132 71
13 170 94
13 325 29
13 626 89
13 255 32
14 823 45
14 260 53
14 686 50
14 372 53
14 153 1
15 796 7
15 126 56
15 560 32
15 47 89
15 971 77
15 66 48
16 530 48
16 273 80
16 670 50
16 730 31
16 750 79
16 973 29
16 291 67
16 541 11
16 816 91
17 423 13
17 707 94
17 658 42
17 990 31
17 19 99
17 250 4
17 409 50
18 976 14
18 72 33
18 583 97
18 883 83
18 101 80
18 216 97
18 363 52
18 422 46
19 231 19
19 20 46
19 884 81
19 764 91
20 791 17
20 138 98
20 856 56
20 512 61
20 33 91
21 424 26
21 394 34
21 853 31
21 790 82
21 936 80
22 515 79
22 933 37
22 314 55
22 972 98
22 696 32
23 377 35
23 876 50
23 340 5
23 108 43
23 433 73
23 574 10
23 479 16
23 55 41
24 984 8
24 998 12
24 988 8
24 30 65
24 914 100
24 867 4
25 513 96
25 731 1
25 786 20
26 485 21
26 592 49
26 607 42
26 367 68
26 93 29
26 145 56
26 35 49
26 139 18
27 651 44
27 985 78
27 226 28
27 213 91
27 791 79
27 755 29
28 249 8
28 837 21
28 690 26
28 524 52
28 779 47
28 798 43
28 261 52
29 204 66
29 71 64
29 146 36
30 967 93
30 963 41
30 426 15
30 400 81
30 785 79
30 558 62
30 44 11
31 183 69
31 551 58
31 834 35
31 248 65
31 518 41
31 367 72
31 813 73
31 832 98
32 926 14
32 617 95
32 888 11
32 983 4
32 875 97
32 354 16
32 48 9
32 782 52
33 149 86
33 526 47
33 333 54
34 182 17
34 251 6
34 464 50
35 212 98
35 901 34
35 815 30
35 106 31
35 376 99
35 569 38
35 594 29
36 964 13
36 50 25
36 40 22
36 377 50
37 404 12
37 880 9
37 965 1
37 873 46
37 355 29
37 257 35
37 593 28
37 867 38
38 822 66
38 504 19
38 494 56
38 773 45
38 130 60
39 919 95
39 481 48
39 260 30
39 85 10
40 494 47
40 101 42
40 561 24
40 707 46
40 158 17
40 417 1
40 118 58
41 649 35
41 63 96
41 556 14
41 291 76
41 182 65
42 262 2
42 877 96
42 966 31
42 463 66
42 331 58
43 793 79
43 535 36
43 506 18
43 632 66
43 663 71
43 132 89
44 221 14
44 611 70
44 498 95
44 747 52
44 821 2
44 256 21
44 923 67
45 854 22
45 350 76
45 312 69
45 278 85
45 128 28
45 469 67
45 255 83
45 655 76
46 585 28
46 58 7
46 55 89
46 111 1
46 996 32
46 276 1
47 99 30
47 206 44
47 724 69
47 908 80
47 231 59
47 545 9
48 975 5
48 561 2
48 186 12
48 798 5
49 832 92
49 52 1
49 321 81
49 72 7
50 596 76
50 246 29
50 945 51
50 794 74
50 584 16
50 258 56
50 908 47
51 898 49
51 127 45
51 1000 19
52 475 65
52 283 98
52 305 11
52 325 35
52 126 55
52 484 9
53 458 27
53 239 72
53 169 42
53 779 36
53 833 98
53 737 91
54 564 66
54 715 1
54 860 34
54 847 45
54 349 6
54 91 8
54 367 71
55 532 11
55 913 32
56 974 19
56 94 59
56 650 14
56 868 95
56 581 32
56 425 7
56 207 25
56 958 25
57 533 12
57 160 21
57 344 84
57 169 6
57 837 89
57 331 77
57 745 67
57 251 53
57 878 92
58 551 46
58 256 51
58 180 43
58 789 89
59 798 87
59 309 1
59 284 17
59 64 68
59 539 79
59 612 52
59 592 82
60 529 14
60 747 76
60 461 98
61 173 31
61 131 53
61 983 92
61 973 41
61 402 88
61 429 89
61 665 26
62 146 36
62 955 38
62 164 77
62 346 28
63 746 97
63 637 17
63 297 77
63 335 33
63 82 18
63 71 37
64 603 42
64 998 7
64 392 65
64 919 6
64 885 15
64 142 99
64 440 73
65 232 63
65 946 84
65 113 27
65 592 79
66 857 74
66 275 62
66 804 20
66 321 82
66 334 67
67 74 28
67 946 14
67 303 18
67 925 84
68 939 21
68 913 62
68 297 36
68 244 61
68 128 26
69 246 47
69 486 95
70 503 96
70 515 36
70 880 10
70 562 47
70 236 51
70 792 7
70 187 83
71 385 43
71 239 6
71 451 11
71 763 67
72 405 4
72 898 17
72 664 72
72 922 66
73 669 75
73 452 97
73 467 92
73 947 6
74 344 3
74 562 62
74 538 88
75 360 80
75 958 73
75 104 80
75 508 90
75 957 14
75 183 28
76 497 15
76 541 72
76 191 92
76 152 15
76 261 72
76 702 73
76 667 90
77 434 41
77 874 80
77 853 61
77 826 2
77 516 23
78 695 17
78 392 58
78 812 81
78 399 10
79 81 89
79 515 63
79 601 13
79 125 65
80 993 9
80 212 14
80 824 26
80 849 19
81 850 29
82 826 55
82 646 99
82 182 93
82 418 34
82 965 65
83 108 89
83 412 17
83 823 82
83 978 16
83 224 91
83 785 100
83 149 46
84 928 20
84 134 29
84 459 64
85 172 29
85 95 20
85 125 14
85 922 51
85 314 33
85 602 54
85 933 45
85 294 16
86 442 78
86 917 97
86 373 22
86 676 13
86 94 13
86 356 73
86 598 54
86 897 100
87 592 17
87 296 94
87 206 58
88 335 73
88 329 54
88 659 22
88 226 29
88 885 25
88 687 67
88 122 68
88 92 38
89 171 40
89 887 96
89 792 1
89 144 13
89 944 86
89 393 93
89 316 54
89 521 58
89 364 31
89 328 72
90 738 27
90 365 57
90 675 14
90 570 54
90 621 40
90 421 22
90 523 70
90 331 84
91 208 24
91 674 91
92 519 2
92 454 70
93 912 52
93 892 88
93 187 5
93 98 91
94 248 84
94 319 80
94 171 84
94 734 90
94 502 76
94 971 56
95 463 24
95 627 75
95 654 19
95 702 9
95 681 59
95 272 27
95 306 79
95 686 28
96 722 52
96 209 71
96 302 35
96 131 53
96 601 59
97 201 86
97 359 15
97 460 4
97 552 63
97 601 49
97 238 3
98 349 33
98 225 22
98 439 53
98 560 98
98 645 97
99 253 15
99 113 72
99 313 9
99 533 14
99 778 3
99 710 27
100 861 59
100 968 26
100 845 82
100 105 1
100 290 23
100 873 5
100 118 5
100 496 44
101 968 11
101 901 12
101 952 37
101 393 27
102 711 49
102 136 3
102 313 78
102 412 53
102 296 55
102 460 61
102 944 42
102 220 38
102 325 64
103 523 73
103 922 89
103 587 35
104 638 87
104 922 81
104 606 88
104 421 3
104 632 59
105 554 4
105 262 37
105 382 75
105 790 70
105 344 56
106 379 92
106 523 6
106 713 67
106 400 36
106 912 18
106 537 22
106 698 42
106 548 76
106 738 19
106 629 42
106 936 72
107 542 23
107 781 47
107 703 12
107 133 96
107 404 41
107 488 86
108 616 32
108 203 29
108 142 30
108 662 67
108 956 95
108 239 13
108 370 29
108 486 12
108 886 20
108 625 36
109 923 32
109 254 20
109 691 68
109 844 55
109 926 73
109 321 62
110 135 88
110 942 20
110 544 94
110 472 44
110 517 8
110 992 8
110 114 13
110 449 7
110 171 61
110 439 62
111 860 67
111 452 35
111 954 23
111 952 80
111 470 5
112 536 100
113 845 65
113 261 79
113 335 8
114 869 75
114 298 3
114 284 8
115 516 5
116 691 67
116 811 81
116 314 35
116 999 5
116 289 60
116 411 44
116 183 47
116 729 35
117 497 66
117 141 27
117 530 76
117 852 79
117 992 70
118 744 27
118 689 17
118 392 10
118 321 70
118 720 93
118 786 91
118 152 57
118 621 58
118 965 11
118 360 9
118 724 40
118 718 90
119 725 85
119 810 65
119 721 73
119 391 27
119 478 99
120 499 97
120 893 21
120 968 10
120 164 83
120 320 92
120 358 48
121 747 36
121 856 70
121 897 98
121 526 31
122 323 24
122 858 57
122 379 28
122 815 32
123 693 44
123 954 28
123 770 2
123 374 34
123 584 96
123 571 22
124 473 76
124 848 54
124 726 87
124 212 7
125 195 74
125 529 95
125 250 24
125 736 57
125 274 61
126 252 72
126 217 67
126 284 78
126 434 76
126 248 72
126 581 82
126 813 77
126 375 56
127 913 87
127 159 50
127 724 55
127 905 84
127 633 55
127 160 12
127 569 2
127 273 57
128 782 38
128 266 25
128 829 20
128 372 9
128 940 91
128 880 66
129 144 11
130 687 69
130 457 16
130 420 98
130 384 9
130 616 44
130 389 13
130 487 33
131 966 18
131 553 49
131 467 78
131 193 39
131 523 81
131 499 25
131 879 66
131 328 85
131 663 28
132 562 20
132 358 86
132 257 41
132 747 24
133 823 14
133 599 24
133 404 11
133 596 71
133 177 93
134 920 1
134 258 53
134 267 69
134 185 77
134 948 63
134 717 77
134 188 2
135 424 18
135 232 54
135 215 31
135 231 58
135 566 100
136 186 92
136 645 19
136 519 89
136 517 28
136 858 58
137 454 27
137 878 8
138 683 96
138 188 31
138 828 22
138 273 77
138 585 20
138 279 94
138 325 17
138 717 84
138 579 81
139 888 27
139 142 98
139 187 3
140 579 32
140 442 19
140 476 57
140 415 3
141 950 90
141 318 45
141 158 96
141 857 3
142 857 55
142 348 38
142 401 25
142 484 79
142 605 37
142 552 14
142 687 7
142 624 32
143 279 23
143 869 41
143 942 20
144 495 53
144 839 43
144 790 27
144 697 36
144 717 39
144 541 47
145 484 89
145 999 46
145 608 10
146 245 49
146 416 86
146 475 5
146 714 68
146 859 9
146 868 92
147 997 7
147 901 67
147 362 12
147 435 59
147 694 11
147 842 2
147 426 54
148 255 32
148 321 18
148 377 100
148 897 35
148 176 80
149 467 71
149 957 59
150 374 84
150 652 87
150 521 63
150 588 52
150 169 89
150 476 79
151 643 43
151 631 53
151 619 70
151 821 8
151 226 64
151 867 85
152 742 71
152 211 13
152 242 4
152 693 34
152 258 30
152 327 76
152 237 60
153 569 23
153 538 37
153 240 90
153 809 40
153 226 61
153 265 5
153 420 18
153 235 16
154 504 96
154 980 58
154 208 2
154 879 47
154 424 44
155 649 24
155 556 28
155 816 24
155 602 19
155 776 29
155 876 28
156 792 86
156 946 98
156 998 80
156 485 68
156 207 56
157 851 69
157 683 93
157 333 66
157 269 21
157 810 70
157 804 98
158 815 31
158 911 90
158 990 12
158 582 31
159 517 79
159 453 40
159 262 96
159 506 79
159 696 17
160 373 12
160 215 9
160 683 90
161 331 93
161 514 44
161 407 71
161 714 64
161 204 64
161 333 96
161 646 65
161 512 43
162 959 39
162 225 24
163 362 22
163 585 14
163 465 23
163 767 83
163 994 17
163 532 4
164 830 13
164 398 40
165 392 4
165 916 98
165 264 11
165 704 27
166 447 30
166 205 30
166 216 84
166 750 67
167 198 78
167 941 76
168 885 73
168 345 6
168 804 32
168 413 98
168 331 99
168 499 7
168 374 20
168 726 54
169 732 59
169 574 14
169 862 17
169 711 9
169 265 65
169 950 96
170 389 74
170 585 68
170 454 43
170 577 59
170 816 21
170 629 99
171 193 11
171 411 87
172 953 39
172 532 94
173 814 52
173 468 63
173 642 7
174 980 22
174 442 5
175 691 27
175 224 45
175 204 67
175 292 23
176 227 53
176 856 4
176 367 81
176 694 76
176 322 43
176 564 52
176 224 89
176 375 40
177 970 76
177 273 90
177 586 52
177 424 10
178 566 79
179 398 49
179 757 36
179 599 13
179 540 76
180 661 1
180 836 79
180 890 11
181 700 67
181 820 30
181 952 26
181 383 97
182 316 48
182 798 28
183 333 19
183 371 17
184 194 65
184 678 88
184 562 18
184 189 9
184 883 85
185 969 93
185 915 95
185 479 11
185 908 21
185 704 22
185 887 67
186 819 40
186 939 74
186 640 72
186 874 87
187 916 3
187 250 76
187 354 4
187 950 32
187 656 29
187 322 92
187 340 25
187 749 35
187 234 56
188 961 88
188 537 3
188 884 49
188 273 10
188 824 55
189 965 45
190 718 40
190 213 3
190 800 98
190 824 34
191 878 86
191 423 43
191 419 14
191 404 27
192 691 71
192 714 92
192 824 6
192 976 6
192 504 34
193 208 25
193 944 66
194 580 67
194 811 9
194 925 84
194 219 13
195 289 32
195 973 38
195 863 18
195 554 73
195 465 81
196 588 63
196 254 33
196 361 11
197 589 82
197 721 26
197 709 52
198 348 5
198 495 95
198 991 25
199 519 79
199 503 69
199 282 52
199 723 89
199 607 2
199 862 58
200 850 74
200 537 30
200 802 49
201 948 2
201 209 15
202 428 30
202 709 92
202 536 6
202 348 76
203 767 72
203 219 66
203 814 6
203 786 100
203 707 73
204 417 47
204 947 92
205 407 7
206 330 79
206 374 100
207 327 28
207 844 93
207 862 79
207 657 71
207 838 12
208 756 3
208 763 88
208 289 85
209 947 95
209 219 8
210 752 77
210 275 17
210 704 29
210 874 11
210 876 21
210 826 30
210 724 76
211 545 3
211 960 72
211 926 40
211 776 40
211 530 1
212 696 2
213 591 83
213 688 51
213 800 2
213 297 33
213 413 2
213 573 52
214 587 2
214 754 69
214 365 87
214 854 26
214 466 78
214 530 99
214 937 3
214 464 51
215 298 13
215 831 51
215 369 5
215 485 34
215 452 13
216 872 82
216 989 90
216 579 47
216 391 55
217 447 14
217 718 83
217 362 87
217 688 71
217 814 15
218 249 17
218 578 44
218 451 90
218 313 34
218 347 93
218 349 93
218 535 24
219 509 83
219 560 47
219 288 80
219 369 35
219 455 28
219 229 41
220 678 99
220 638 88
220 688 48
220 502 54
220 345 3
220 562 97
221 471 8
221 562 80
221 966 16
221 773 24
222 322 73
222 892 60
222 842 70
222 869 13
222 407 57
223 357 52
223 652 18
223 612 42
223 439 98
223 959 85
223 443 72
224 415 50
224 572 65
224 568 33
225 676 100
225 494 90
225 788 81
225 933 94
225 633 63
226 387 80
226 484 12
226 680 52
226 868 34
226 929 13
226 662 4
226 308 7
227 599 99
227 577 72
227 984 74
227 536 58
228 749 26
228 454 85
228 952 90
228 610 48
229 846 70
229 503 4
229 608 4
229 819 72
229 903 36
230 668 72
230 444 99
230 582 44
230 396 5
230 595 11
230 717 47
230 674 97
231 307 2
231 621 80
231 866 100
232 651 6
232 716 3
232 668 77
232 833 5
232 759 47
233 510 45
233 785 57
233 446 6
233 444 97
233 695 19
233 950 66
234 498 2
234 764 70
234 259 2
235 621 31
235 830 100
235 948 98
235 751 72
236 375 78
236 297 16
236 763 22
236 522 21
236 278 83
236 578 50
236 477 43
237 937 34
237 726 20
237 496 41
238 972 2
238 527 40
238 625 80
238 546 83
238 427 51
238 491 34
239 525 84
239 878 94
239 382 58
239 909 6
240 490 98
240 881 40
240 748 9
240 377 67
241 422 1
241 372 45
242 560 86
242 350 48
242 313 92
242 695 44
242 462 57
242 864 5
243 342 48
243 852 88
243 270 48
243 926 64
243 424 39
244 786 30
244 885 66
244 662 75
244 722 59
245 924 35
245 619 12
245 789 99
245 271 46
245 674 93
245 795 64
246 608 99
247 730 17
247 431 48
248 762 18
248 346 86
248 609 65
248 904 4
248 891 61
248 795 98
248 268 35
248 961 59
249 768 15
249 640 93
249 377 1
249 393 55
250 340 14
250 454 24
250 581 51
250 326 68
251 534 81
251 469 94
251 528 17
252 805 98
252 294 74
252 333 52
252 495 30
252 943 79
252 997 94
253 352 15
253 555 13
253 521 80
253 885 62
254 859 84
254 260 10
255 864 19
255 396 18
255 402 58
255 540 53
255 841 66
256 667 59
256 719 13
256 932 4
256 623 11
256 600 33
256 449 9
256 565 66
257 290 30
257 289 8
257 627 51
257 645 90
258 876 20
258 365 29
258 828 54
259 957 5
259 299 60
259 571 28
259 341 80
259 805 34
260 899 80
260 989 57
260 396 99
261 363 46
261 403 99
262 555 24
262 314 56
262 268 38
262 721 89
262 459 72
263 337 34
263 521 20
263 451 19
263 655 60
263 504 8
263 976 34
263 971 13
263 392 49
264 513 88
264 440 52
264 766 45
264 470 8
265 675 47
265 403 55
265 900 48
266 601 82
266 758 51
266 821 41
266 882 46
266 684 6
267 508 82
267 665 13
267 532 25
268 956 77
268 653 65
268 761 67
269 949 34
269 763 54
269 818 89
269 712 53
269 383 36
269 283 38
269 373 20
270 602 67
270 590 30
270 395 34
270 631 40
270 898 24
271 285 25
271 902 28
271 954 31
271 770 76
272 848 63
272 480 57
272 811 34
272 922 38
273 604 23
273 421 49
273 578 62
273 768 35
274 733 20
274 328 81
274 439 65
274 405 38
274 604 63
274 980 85
274 950 35
274 706 34
274 710 81
275 497 20
275 880 79
275 317 29
275 898 56
275 384 71
275 286 11
276 546 91
276 472 38
276 910 6
276 301 4
276 773 83
276 716 82
277 408 31
277 954 74
278 654 26
278 519 80
279 867 25
279 527 88
279 337 49
279 943 52
279 683 42
280 576 64
280 991 77
280 381 26
280 505 38
280 404 88
280 379 13
281 448 49
281 670 81
281 585 16
281 682 60
282 334 42
282 943 60
282 525 67
282 321 61
282 921 83
283 606 11
283 446 32
283 621 13
283 434 14
284 507 85
284 385 65
284 613 22
284 678 75
285 787 58
285 998 40
285 892 25
285 693 76
286 623 43
286 566 78
286 584 75
286 607 52
286 869 13
286 808 5
287 767 54
287 573 59
287 387 65
288 888 67
288 857 36
288 471 63
288 341 2
288 645 60
288 834 14
289 776 87
289 427 88
289 795 85
289 403 49
290 446 8
290 688 36
290 647 9
290 416 30
290 660 91
290 672 15
290 393 28
290 463 81
290 882 84
291 794 45
292 320 79
292 930 7
292 365 31
292 965 63
292 362 10
292 785 79
292 906 39
292 395 59
293 301 63
293 755 27
293 669 17
293 717 22
294 495 7
294 842 6
294 437 3
294 914 18
295 891 59
295 836 56
295 381 19
295 403 47
296 890 15
296 514 13
296 678 50
296 704 8
297 718 4
297 888 8
297 506 83
297 639 70
297 680 71
297 499 33
297 573 6
298 615 36
298 984 65
298 637 91
298 634 17
298 674 26
299 637 39
299 544 36
299 367 20
299 748 57
299 932 26
300 904 5
300 984 35
300 897 91
300 445 3
301 975 92
301 827 77
301 507 19
302 887 49
302 932 51
302 436 14
302 532 23
303 770 47
303 476 98
303 777 48
303 550 1
303 448 54
303 863 15
303 789 45
304 532 93
304 877 39
304 754 34
304 682 57
304 580 39
304 458 7
304 791 74
305 597 30
305 867 34
305 535 80
305 395 73
306 874 53
306 385 59
306 875 69
306 577 45
306 711 49
306 980 41
306 618 66
307 697 27
307 674 79
307 627 83
307 802 92
307 822 63
308 568 97
308 665 2
308 566 97
308 943 93
309 809 93
309 464 74
309 774 90
309 328 35
309 984 75
310 586 37
310 721 50
310 598 55
310 423 1
310 743 99
310 690 86
310 437 47
311 876 98
311 945 60
311 483 80
311 647 75
312 460 6
312 452 6
312 861 79
312 963 61
312 676 3
312 929 23
312 745 26
313 863 7
313 872 16
314 890 65
314 440 69
314 591 40
315 632 42
315 653 51
315 703 66
315 599 51
315 994 71
315 406 56
315 344 79
316 391 80
316 363 70
316 828 99
316 651 35
317 389 71
317 391 19
317 541 81
317 430 56
318 854 40
318 982 26
319 611 89
319 350 65
319 769 93
319 815 34
320 630 71
320 814 44
320 799 91
321 896 27
321 502 74
321 514 75
322 349 79
322 400 37
322 756 100
322 434 65
323 985 28
323 888 68
323 979 20
323 433 15
324 546 38
324 413 87
324 563 76
325 830 47
325 368 18
325 855 12
325 411 84
325 353 10
326 773 2
326 674 2
326 402 71
326 523 44
326 823 69
326 895 40
327 699 7
327 707 82
327 981 75
327 813 32
328 584 49
328 921 69
328 329 8
329 859 22
329 440 16
329 607 88
330 996 24
330 963 89
330 932 54
330 340 16
330 598 20
330 689 17
331 983 13
331 539 75
331 995 100
331 826 97
332 619 83
332 564 4
332 473 12
332 502 14
333 743 91
333 484 25
333 383 14
333 817 44
333 681 10
334 986 2
334 636 1
334 481 10
335 745 44
335 349 52
335 456 45
336 620 32
336 741 14
336 966 14
336 676 85
336 960 40
337 756 55
337 807 74
337 799 38
337 548 16
337 588 13
338 869 25
338 566 38
338 773 100
339 991 7
339 724 2
339 409 83
339 789 65
340 821 60
340 899 89
341 409 11
341 576 42
341 380 41
341 584 49
341 758 86
342 594 88
342 728 78
343 839 70
343 410 29
343 749 52
343 844 85
343 658 74
344 478 82
344 987 56
345 353 55
346 882 29
346 434 80
346 880 48
346 886 23
346 842 39
346 807 64
346 376 58
346 693 18
347 833 22
347 625 54
347 863 22
347 884 82
348 990 8
348 674 9
349 981 50
350 639 87
350 617 80
350 849 33
350 903 55
350 793 58
351 360 28
351 658 74
351 699 71
351 630 45
351 823 83
352 748 71
352 443 26
352 724 80
352 582 72
352 498 92
352 449 33
353 469 88
353 723 64
353 497 18
354 734 81
354 392 40
354 706 26
354 437 97
354 618 35
355 600 93
355 756 71
355 721 23
355 926 41
355 715 47
355 928 90
355 420 20
356 787 61
356 842 85
357 479 81
357 503 81
357 477 61
357 784 19
357 787 57
357 473 58
358 661 94
358 804 95
358 556 62
359 936 6
359 461 1
359 627 56
359 745 35
359 711 1
359 907 56
360 665 88
360 515 17
360 874 18
360 668 99
360 711 84
360 595 29
361 713 97
361 984 93
361 609 84
361 861 80
362 389 22
362 514 23
363 915 29
363 739 89
363 761 95
363 704 5
363 615 38
363 701 56
364 945 37
364 517 68
364 422 81
364 811 38
364 765 62
364 673 34
364 617 37
365 433 52
365 381 29
365 921 13
365 476 67
366 796 24
366 968 57
366 407 2
367 511 16
367 852 13
367 445 24
367 628 60
367 370 39
368 988 68
368 947 12
368 708 13
368 855 70
369 947 12
369 681 22
369 746 27
369 623 20
369 722 13
369 499 90
369 951 59
370 816 52
370 968 92
370 537 76
370 863 43
371 407 67
371 436 20
371 451 31
372 512 83
372 877 14
372 955 91
373 487 9
373 603 93
374 482 77
374 813 6
374 699 85
375 800 6
375 739 50
375 843 9
376 928 21
376 757 30
376 882 11
376 438 72
377 717 86
377 428 98
377 660 35
377 982 72
378 566 57
378 742 78
378 554 41
378 756 3
378 865 77
379 843 81
380 774 54
380 559 95
380 629 4
380 802 36
380 571 72
380 760 45
381 871 45
381 737 17
381 827 72
381 682 33
382 786 80
382 441 94
382 473 25
382 524 95
383 840 52
383 996 51
383 774 44
383 413 14
384 522 98
384 550 36
384 635 43
384 482 65
384 908 49
384 667 27
385 903 27
385 729 25
386 440 41
386 920 82
386 720 42
388 808 12
388 946 100
389 468 71
389 857 95
389 557 13
389 668 30
390 394 37
390 837 36
390 506 91
391 982 81
391 650 29
391 582 97
391 546 5
391 764 30
391 634 51
391 734 43
392 810 16
393 840 75
393 989 90
393 531 80
394 453 70
394 956 93
394 955 43
394 965 26
394 575 96
395 831 83
395 827 69
395 459 31
396 666 39
396 534 70
396 791 69
396 838 99
397 797 94
397 761 44
397 854 27
397 535 44
397 920 60
398 839 45
398 991 6
398 831 37
399 578 99
400 419 53
401 930 67
401 533 38
401 718 28
402 783 88
402 934 100
402 943 14
402 475 74
402 532 23
403 565 78
403 487 59
403 548 16
404 789 91
404 828 6
404 836 37
405 463 96
405 870 51
405 626 49
405 935 56
406 614 51
406 763 9
406 707 27
407 470 68
407 411 18
407 623 5
408 548 21
408 527 20
409 757 55
409 777 100
409 672 54
409 588 59
409 885 65
410 996 73
410 776 78
411 543 17
411 534 72
411 860 92
411 603 99
411 934 76
411 809 40
412 767 100
412 885 55
413 914 25
413 878 34
413 973 65
413 940 4
413 703 26
413 751 76
414 628 69
414 847 62
414 688 43
414 442 53
415 450 8
415 763 53
415 854 48
415 919 21
416 552 25
416 580 32
417 577 32
417 770 97
418 968 44
418 599 3
419 642 89
419 860 32
419 762 73
419 712 49
419 849 18
419 932 60
420 491 45
420 453 49
420 699 6
420 659 26
420 678 2
420 845 8
420 748 94
421 834 89
421 796 99
421 732 31
422 873 85
422 631 87
422 754 27
423 547 99
423 555 66
424 985 46
424 533 14
424 456 51
425 866 59
425 457 43
426 848 74
426 720 9
426 529 11
427 629 30
427 866 74
428 880 71
428 897 14
429 971 85
429 734 3
429 476 69
430 660 36
430 822 30
430 450 43
430 950 51
431 969 47
431 727 83
431 905 30
432 545 80
432 546 16
432 793 32
432 908 87
432 843 68
432 620 45
434 699 99
435 758 45
435 858 98
435 909 34
435 529 81
435 717 18
436 619 40
436 642 32
436 794 6
436 636 40
436 927 21
436 457 8
436 594 12
436 845 92
436 834 86
437 862 22
437 667 81
438 444 55
438 753 86
438 907 44
439 730 30
439 955 43
439 717 41
439 670 71
439 903 6
439 548 42
440 654 65
440 792 56
441 692 14
441 866 86
441 600 16
442 548 24
442 557 15
442 760 94
442 639 51
442 538 43
442 706 63
443 724 42
443 483 47
443 980 40
443 930 5
443 847 35
444 803 9
444 636 12
444 783 28
445 502 27
445 720 22
445 885 15
445 710 80
445 638 47
445 487 41
446 785 73
446 964 13
446 758 64
446 752 8
446 575 59
447 634 11
447 902 72
448 697 55
449 540 82
449 701 57
450 832 79
450 513 58
450 607 86
451 486 82
451 810 54
451 761 49
452 767 64
452 520 40
452 991 72
452 808 50
453 788 64
453 894 96
453 699 46
454 824 41
455 817 97
455 485 85
455 925 86
456 989 84
456 662 100
456 542 40
456 800 8
457 595 31
457 738 43
457 902 4
458 463 27
458 538 100
458 503 83
459 853 51
459 945 36
459 999 55
460 543 20
460 704 32
462 934 51
462 479 76
462 529 36
463 928 84
463 501 14
463 870 63
464 986 68
464 805 5
465 746 16
465 560 39
465 989 59
466 853 21
466 786 75
467 671 8
467 975 16
467 943 85
467 866 75
468 611 61
468 963 58
468 684 65
469 735 96
469 829 82
470 511 38
471 561 35
471 756 43
472 541 22
472 551 78
472 498 60
473 647 2
474 600 82
474 509 93
475 789 65
475 480 78
476 882 66
477 950 97
477 970 45
477 764 91
477 478 44
478 785 8
478 980 5
478 754 21
478 522 18
478 804 56
478 675 2
479 512 75
479 898 59
479 576 82
479 809 83
479 754 98
480 624 16
481 531 34
481 601 3
481 616 50
482 952 81
482 693 48
483 801 13
483 699 68
484 904 83
484 915 71
484 944 81
485 486 40
485 830 62
485 987 3
485 528 98
485 593 3
486 792 96
486 520 64
487 742 68
487 892 85
487 639 64
487 845 13
487 934 75
488 960 41
488 818 32
488 852 94
488 649 100
488 715 50
489 741 43
489 763 60
489 538 52
489 873 78
489 707 7
490 770 88
490 506 13
490 610 24
490 795 98
491 918 60
491 580 55
492 896 21
492 975 20
492 906 2
492 846 16
493 748 90
493 614 36
494 757 4
494 822 59
495 998 84
495 969 30
495 890 52
496 517 59
496 670 35
497 847 99
498 881 69
498 836 1
500 568 96
500 689 83
500 845 6
500 819 48
501 760 50
501 985 24
501 782 69
502 743 72
502 769 91
502 708 56
503 565 93
504 744 64
505 506 79
506 922 5
506 673 72
507 952 13
507 623 23
508 958 37
508 979 30
510 957 87
510 665 46
510 762 6
511 725 72
511 988 34
512 962 97
512 764 55
512 560 28
512 978 94
513 620 17
513 942 100
513 786 81
513 982 56
513 848 79
513 586 63
514 545 16
515 642 23
515 599 4
516 682 63
516 569 79
517 900 100
518 577 77
518 802 82
518 740 7
518 705 12
518 697 4
518 869 53
518 963 81
519 521 45
519 612 53
520 680 3
521 773 25
522 681 34
522 794 36
523 852 26
524 635 60
524 817 20
524 919 66
524 745 29
524 852 1
524 682 22
525 766 51
525 641 40
525 989 78
525 994 48
525 805 34
526 843 89
526 594 73
526 791 24
526 982 2
526 745 9
526 998 53
526 580 58
526 801 53
527 648 86
527 613 77
527 634 25
528 656 71
528 769 20
528 684 31
528 972 68
528 607 80
529 645 86
529 902 82
529 548 7
529 708 39
530 906 2
530 957 92
531 990 60
531 687 69
531 847 76
532 830 45
532 559 16
533 590 16
533 757 58
534 755 22
534 947 89
535 941 19
535 987 58
535 765 70
536 607 26
536 989 3
536 896 15
536 770 37
537 570 67
537 999 89
538 909 79
538 623 13
538 1000 10
539 800 81
539 628 40
539 566 63
539 588 2
540 714 53
541 799 67
541 962 40
543 794 19
544 568 31
544 804 97
544 811 45
544 893 36
544 879 80
544 637 52
545 994 21
545 835 53
545 803 27
545 774 40
545 829 76
546 562 75
546 661 43
547 548 73
547 660 34
547 937 57
548 932 88
548 831 94
548 909 92
549 950 16
549 790 18
549 604 4
549 642 83
550 753 50
550 924 52
550 912 8
551 892 11
551 710 60
551 601 30
552 686 4
552 599 19
553 835 16
553 855 32
553 960 11
554 690 53
556 973 83
556 900 45
556 840 64
556 885 34
556 598 100
557 574 84
558 681 4
559 964 36
559 880 66
559 923 65
560 789 37
560 847 26
561 664 32
561 588 47
562 609 22
562 839 3
563 656 98
563 820 74
564 739 55
565 740 4
567 575 27
567 780 79
568 572 62
568 735 99
570 607 77
570 642 92
570 601 1
571 601 22
571 985 86
571 801 14
572 820 52
572 693 9
572 976 66
572 868 77
572 917 14
573 849 44
573 928 79
574 976 67
574 793 63
574 714 3
574 693 67
574 844 85
575 968 18
575 860 66
575 725 97
576 987 24
576 729 88
576 707 94
576 857 98
577 907 8
577 913 6
577 623 58
577 680 86
577 690 20
577 935 66
578 801 93
578 745 86
578 906 8
578 1000 23
579 726 8
580 772 27
580 944 28
581 601 9
581 775 5
582 970 91
583 723 61
583 618 93
583 675 36
584 841 9
584 787 37
584 687 95
584 935 48
585 979 74
586 944 16
587 959 36
587 987 53
587 822 84
588 940 34
588 925 11
588 844 36
588 955 76
588 938 2
589 626 2
589 600 48
590 627 90
590 602 86
591 860 98
591 937 2
591 687 82
591 744 95
591 717 44
592 647 59
592 771 40
593 606 60
593 982 94
594 892 56
595 910 40
595 925 92
596 934 12
597 631 46
598 663 97
598 790 85
598 671 19
599 761 95
599 755 19
600 828 93
600 977 10
601 736 3
601 783 79
601 977 92
601 985 4
602 906 2
602 798 55
602 834 48
603 761 8
603 608 89
604 831 72
604 614 11
604 975 70
605 795 59
605 630 23
605 925 28
606 656 12
606 748 84
607 923 95
608 675 42
608 937 81
608 715 12
609 682 78
609 863 2
609 661 51
609 649 27
610 635 63
610 978 92
610 889 24
611 840 21
611 897 48
612 858 84
612 644 91
612 680 34
612 911 18
612 875 66
613 753 11
613 634 46
614 904 22
614 846 61
614 946 100
616 646 84
617 757 78
617 800 43
617 781 66
617 902 11
617 953 78
617 985 64
618 714 85
619 929 64
619 716 37
620 865 13
620 861 74
621 635 1
622 791 73
622 995 4
623 654 15
623 698 47
623 688 97
624 708 73
624 964 35
625 894 29
625 880 97
625 679 67
625 851 13
625 934 85
626 934 45
626 806 63
627 827 46
627 737 31
627 671 47
627 893 81
627 890 87
628 696 44
628 677 2
629 634 33
629 837 55
631 794 53
631 942 44
631 886 17
631 666 86
633 850 81
633 863 35
634 942 53
634 856 65
635 677 68
636 850 34
636 727 93
636 810 25
636 839 76
637 700 70
637 718 16
638 863 99
638 782 72
638 777 8
639 699 50
639 769 66
640 850 82
640 751 90
640 822 96
640 765 70
641 951 94
641 871 26
642 856 41
642 954 49
642 878 59
644 906 82
644 980 24
645 779 19
646 906 82
646 829 56
646 755 94
647 750 25
648 895 69
648 688 59
648 811 75
650 911 52
650 698 90
650 838 68
650 971 42
650 663 67
651 837 29
651 710 25
651 721 14
651 686 60
651 797 38
652 916 75
653 829 82
654 829 11
654 733 66
654 809 40
655 814 64
655 909 53
655 766 16
656 772 6
657 669 26
658 701 9
658 739 52
658 966 63
658 688 69
659 783 52
659 678 57
659 720 8
659 829 81
660 880 9
662 779 8
662 755 1
663 767 68
663 719 30
663 815 58
664 845 34
664 749 48
664 696 52
664 752 24
665 823 58
665 921 53
665 967 72
666 972 67
666 697 95
669 678 87
669 822 43
669 820 39
669 841 98
669 694 58
669 883 65
670 796 88
670 964 100
670 714 7
671 840 43
671 774 69
672 779 43
672 826 56
673 697 24
674 788 94
674 773 50
675 825 16
675 710 37
675 812 43
676 728 40
677 746 95
678 724 27
678 747 20
678 902 89
679 751 9
679 713 66
679 782 67
679 802 53
682 907 54
682 816 69
682 847 25
683 887 45
683 891 31
683 820 83
683 888 67
684 966 26
684 791 72
684 757 65
684 709 55
685 798 88
685 883 27
685 804 89
685 722 93
686 828 46
686 759 94
686 995 47
687 715 36
687 770 29
687 978 94
688 711 33
688 696 12
688 716 43
689 720 37
690 845 86
690 966 75
690 886 64
691 760 50
691 772 90
691 867 52
692 936 63
692 803 26
693 738 55
693 956 29
694 950 32
694 825 55
695 759 53
695 931 60
695 732 8
695 708 69
695 752 58
696 794 29
696 766 17
697 858 86
697 964 83
698 791 94
698 940 73
699 814 49
700 905 47
701 892 31
702 912 63
702 982 80
702 946 66
703 891 87
704 1000 32
704 893 74
704 838 57
705 778 95
705 988 49
706 889 83
706 915 13
706 964 52
707 927 42
707 717 25
707 819 56
708 773 27
708 889 22
709 992 8
709 936 16
709 758 85
710 987 15
710 895 23
711 751 99
711 924 39
711 786 90
712 743 75
713 865 62
713 787 52
714 833 93
715 877 81
715 726 86
715 720 48
716 802 64
716 954 74
716 984 4
716 968 93
717 836 65
717 985 68
717 820 39
717 971 22
717 974 8
719 931 57
719 859 21
719 871 29
719 904 64
720 785 84
721 995 7
721 813 28
721 872 13
722 729 50
723 964 40
723 876 12
723 971 36
724 884 35
724 955 19
725 978 48
728 790 31
728 967 98
729 876 44
729 951 84
729 754 10
730 993 17
731 935 39
733 740 74
734 943 84
734 831 17
735 842 38
736 970 14
737 988 100
737 902 76
737 754 23
737 882 10
738 897 21
739 783 97
740 879 77
741 856 16
743 793 15
743 861 68
743 996 12
745 888 49
745 833 18
745 762 35
745 955 59
746 941 70
746 784 50
746 808 53
746 767 18
746 774 83
749 764 93
749 752 29
749 819 20
750 812 36
750 971 40
751 850 54
752 872 63
752 887 58
752 836 5
753 844 89
753 905 95
753 919 56
753 891 16
753 782 60
755 941 41
756 771 29
757 988 29
758 905 38
759 875 31
761 915 67
761 784 79
762 962 85
763 999 68
763 917 100
763 891 61
764 799 21
765 804 56
765 799 74
765 880 15
765 925 56
766 950 28
766 769 76
766 896 81
766 899 95
766 966 8
767 920 4
767 1000 55
767 843 79
768 925 27
769 875 84
769 972 88
770 910 15
771 824 24
772 903 75
772 775 76
772 931 28
772 916 83
772 982 13
772 945 100
774 781 91
775 931 27
775 791 48
776 962 90
776 778 75
776 949 56
777 813 66
777 939 91
777 932 51
778 887 13
778 984 54
779 967 67
780 981 67
780 808 67
781 807 48
781 939 22
781 833 55
782 793 86
782 960 68
783 795 63
784 793 68
784 953 51
784 915 18
785 869 29
786 896 47
790 815 88
792 918 2
794 993 70
794 820 84
794 968 12
795 868 99
796 926 17
797 996 9
798 807 45
800 876 59
800 843 35
802 870 75
802 876 91
804 894 38
804 870 53
804 936 55
805 818 60
806 836 18
807 933 78
808 904 2
809 857 24
809 841 96
810 872 85
812 926 82
812 813 94
812 857 25
814 856 36
814 992 20
815 849 88
815 906 52
815 948 29
816 855 63
817 938 68
818 875 81
818 940 90
820 894 15
821 943 26
822 935 81
823 977 95
824 883 98
825 838 48
827 900 27
828 919 31
828 913 59
829 865 76
829 836 39
833 988 3
837 959 89
838 877 59
840 938 15
841 961 69
842 914 85
843 909 5
843 994 10
843 966 90
844 931 40
847 889 96
851 900 64
851 881 25
856 860 69
858 884 61
859 877 49
859 924 12
866 965 68
867 918 26
867 999 50
867 996 11
868 876 54
869 898 32
870 936 14
873 980 72
877 946 58
880 983 24
880 990 51
881 911 90
882 988 48
883 916 93
885 951 70
886 927 60
887 943 40
889 979 70
890 958 38
891 990 73
893 921 42
893 975 77
896 919 46
897 961 92
899 906 90
900 910 100
902 991 21
902 937 48
903 939 10
905 987 25
905 919 100
908 945 52
908 987 2
909 951 59
909 940 8
912 970 75
913 988 80
913 965 70
916 940 15
920 951 14
922 929 50
929 935 45
929 936 38
931 938 99
934 988 42
938 975 62
942 976 93
942 956 32
946 955 93
948 992 71
952 984 98
952 994 67
953 998 67
956 975 100
958 999 19
965 980 96
965 972 98
966 970 19
971 997 38
977 999 46
980 994 88
981 994 73
984 1000 65
