1000 1500
1 100 52
1 757 47
1 638 18
1 946 60
2 771 12
2 499 32
2 739 42
3 86 66
3 777 79
4 177 52
4 498 98
4 575 14
5 931 29
5 319 53
6 511 87
6 723 60
6 182 9
6 58 93
7 340 2
7 827 5
8 844 74
8 852 83
8 186 26
8 506 21
9 56 88
9 443 1
9 694 41
9 484 17
10 238 57
10 596 75
10 488 63
11 68 86
11 300 43
11 307 12
11 485 13
12 667 70
12 961 17
12 158 50
12 354 69
13 927 23
13 287 40
13 184 15
13 294 33
14 136 100
14 367 99
14 432 85
15 467 37
15 268 75
16 255 40
16 36 21
16 181 7
16 145 3
17 363 4
17 567 26
17 43 52
18 272 70
19 409 89
20 129 83
20 745 67
21 853 33
21 630 98
21 968 14
21 358 21
21 767 74
21 739 88
21 722 90
22 333 77
22 768 34
22 651 39
22 66 70
23 776 14
23 784 35
24 458 98
24 630 88
24 251 80
24 309 24
25 963 20
25 602 5
25 853 24
26 38 85
26 872 33
26 361 95
26 456 84
27 676 55
27 302 73
27 505 88
27 280 68
27 206 86
28 239 23
29 722 25
29 429 80
29 325 41
30 232 30
30 448 36
30 611 29
31 661 43
31 77 26
31 378 50
32 194 32
32 157 45
32 63 26
32 492 48
32 500 74
33 646 100
33 136 61
33 156 6
34 58 56
34 345 24
35 222 5
35 203 59
36 683 76
36 811 93
37 187 64
37 276 86
37 602 59
37 715 31
38 205 68
38 856 55
39 522 96
39 512 73
40 901 37
40 707 21
40 621 70
41 655 94
41 114 83
41 989 85
42 818 93
42 529 56
42 834 37
43 741 23
43 56 62
44 225 25
44 71 8
45 956 14
45 276 20
45 610 86
46 360 81
46 734 70
47 415 18
47 732 96
47 952 26
47 91 4
47 155 36
48 945 83
48 202 28
48 499 4
48 442 26
48 330 100
48 626 44
48 748 15
49 144 55
49 574 11
49 336 84
50 879 85
50 292 45
50 85 40
50 295 95
51 375 83
51 278 97
51 644 81
52 1000 53
52 885 100
52 147 31
52 476 92
52 630 69
53 129 20
53 366 31
54 351 48
54 573 11
55 946 74
55 528 47
55 91 33
55 389 73
57 279 5
57 244 88
57 159 63
57 702 5
58 645 51
58 721 78
58 68 8
59 544 79
59 188 52
59 876 19
59 512 92
59 986 66
60 275 39
60 587 32
61 865 7
61 713 19
61 815 10
62 359 16
62 900 79
63 271 65
63 487 9
63 298 9
64 594 23
64 128 56
64 886 60
65 805 57
66 265 25
66 784 2
67 472 49
67 140 79
67 572 14
68 727 66
68 284 20
68 106 14
68 518 21
69 281 6
69 354 23
70 916 85
71 242 37
71 310 55
71 408 62
72 455 56
72 372 94
72 990 75
73 283 7
73 516 35
74 602 93
74 214 28
74 416 40
75 221 44
75 808 85
76 201 11
76 340 40
76 306 31
76 228 82
77 408 59
77 833 20
77 269 63
78 394 97
78 538 33
78 893 94
79 364 58
79 940 100
79 747 37
80 125 78
81 950 41
82 974 79
82 342 51
82 280 56
83 820 38
83 522 8
83 323 52
84 424 17
84 261 66
84 684 25
84 938 13
85 243 49
85 178 83
85 354 13
85 560 42
85 992 81
86 298 77
86 184 87
86 533 78
86 607 17
87 466 84
87 832 21
88 275 93
88 919 8
88 417 85
89 693 22
89 264 28
90 163 49
90 150 46
90 660 5
91 372 76
92 829 65
92 130 91
92 573 61
92 810 41
92 114 63
93 502 98
94 111 16
94 459 84
95 837 11
96 148 72
97 440 31
97 165 66
97 780 58
97 519 26
98 920 69
98 333 22
98 621 10
99 316 20
99 686 10
100 999 72
101 111 34
101 689 2
101 817 36
101 941 33
102 532 68
103 666 7
104 641 49
104 235 51
105 713 69
105 332 27
105 941 52
105 445 86
106 835 6
106 456 95
106 393 8
107 577 99
107 587 27
107 217 99
108 534 14
108 294 27
108 762 94
109 926 43
110 169 5
110 793 1
110 307 15
111 527 34
112 344 27
112 855 26
112 595 15
113 959 59
113 747 71
113 416 2
113 701 8
114 444 58
114 677 14
114 547 28
115 788 23
115 469 94
116 521 52
116 732 90
116 845 71
117 345 96
118 601 56
118 863 100
118 955 35
119 154 99
119 875 90
119 430 38
120 807 93
120 426 65
121 280 6
121 488 60
121 636 17
122 562 7
122 367 47
123 571 13
123 586 80
124 917 44
124 152 97
124 722 78
125 137 34
125 532 65
126 565 88
126 174 10
127 440 21
128 746 18
128 146 56
128 656 43
130 688 10
130 393 16
131 914 7
131 867 12
131 245 63
132 515 62
133 497 35
133 848 44
133 818 84
134 506 69
134 855 59
135 738 82
135 916 73
135 988 58
136 913 57
137 533 55
137 467 6
138 603 9
138 322 96
138 154 64
138 914 70
138 799 50
139 336 70
139 938 40
140 216 45
140 595 6
141 583 92
142 558 70
142 463 70
142 701 31
142 901 96
143 684 94
143 789 56
143 274 23
144 358 86
144 298 37
145 211 73
146 919 54
146 663 100
146 591 90
146 213 100
147 673 70
147 160 76
147 533 100
147 672 24
148 831 86
148 480 28
149 323 64
149 822 21
149 189 79
150 339 4
150 852 41
150 199 68
150 525 79
151 275 2
152 774 4
152 892 59
153 171 55
153 206 47
153 930 54
153 249 46
154 576 81
154 391 83
155 196 11
156 333 70
156 842 49
157 582 3
157 637 73
157 435 69
158 235 57
158 560 96
158 331 91
158 322 67
159 671 86
159 255 58
160 1000 45
161 658 29
161 369 44
161 870 8
161 707 46
162 479 43
162 511 83
162 541 1
163 204 22
163 955 15
163 419 83
164 287 29
164 560 35
164 604 68
165 978 34
165 583 99
166 410 35
166 469 32
167 860 61
167 574 94
167 397 58
167 564 51
167 436 62
168 976 100
168 800 80
169 400 24
169 700 41
169 788 53
170 725 80
170 662 66
170 390 31
170 905 86
170 763 27
171 371 83
171 773 54
172 384 100
172 197 65
172 226 16
173 366 40
173 391 29
174 346 36
174 836 37
174 747 58
175 196 1
175 353 14
176 219 53
176 867 47
176 892 8
177 748 13
178 272 13
178 868 14
178 758 45
179 537 76
179 198 9
179 842 88
179 708 38
180 318 18
181 922 99
182 361 18
182 430 61
183 327 38
183 964 4
184 721 11
184 780 98
185 420 96
185 735 93
186 251 11
186 354 12
186 386 78
186 349 86
189 626 56
189 333 50
189 945 29
189 876 73
190 425 66
190 256 28
190 948 18
191 326 26
191 566 34
192 951 96
192 272 74
192 823 73
193 845 47
193 689 72
193 791 11
193 254 94
195 572 99
196 434 65
196 870 62
197 258 100
197 655 20
197 395 97
198 714 42
198 375 50
199 802 17
199 978 49
200 770 49
200 929 87
200 266 49
201 284 49
202 298 68
203 530 30
203 237 92
204 426 25
204 500 11
204 841 81
205 881 70
206 399 13
207 391 61
208 370 49
208 295 21
208 793 17
209 590 83
209 267 83
209 762 3
209 487 44
209 779 17
210 383 74
210 228 97
210 393 53
210 340 6
211 859 95
211 286 51
211 316 76
212 213 45
212 549 86
212 846 48
213 551 34
214 965 75
214 494 2
214 854 36
214 975 7
214 501 73
214 359 43
214 905 51
215 949 99
215 233 46
215 509 77
216 545 66
216 324 82
216 293 71
217 732 93
217 529 93
217 909 23
218 520 36
218 700 34
219 696 42
219 675 49
220 338 18
220 351 22
221 465 7
221 797 92
222 499 43
223 976 21
223 249 53
223 677 79
224 415 43
224 795 45
225 828 57
225 953 71
226 804 1
226 607 41
226 242 13
226 727 41
227 296 85
228 817 44
228 816 100
228 813 96
228 732 95
228 810 100
229 846 71
229 642 74
229 400 78
230 361 39
230 616 64
230 887 83
231 539 29
231 345 42
231 916 3
232 593 64
232 851 10
233 654 16
233 396 10
234 495 16
234 836 70
235 591 2
235 518 8
236 517 100
236 948 51
237 471 7
238 740 48
238 896 100
239 524 75
239 513 68
239 307 57
239 538 37
239 480 89
239 642 78
240 339 13
240 977 12
241 685 96
241 519 62
242 954 68
242 733 17
244 619 21
244 552 73
244 739 46
245 699 24
246 718 44
246 427 68
247 957 75
248 833 58
248 930 90
249 360 100
249 688 48
250 334 15
250 871 57
250 853 51
251 671 78
252 486 33
252 583 16
253 507 30
253 334 78
253 416 72
253 394 88
253 648 23
253 757 7
254 808 32
254 584 31
254 307 16
255 546 4
255 493 52
255 902 96
255 874 18
256 952 7
256 573 84
257 870 41
257 690 54
257 921 84
257 756 34
257 645 34
258 518 53
258 911 10
258 910 23
259 285 70
259 984 20
259 430 78
259 449 55
260 569 98
260 304 73
261 301 62
261 735 31
262 560 43
263 460 96
263 315 20
264 527 72
264 536 8
265 641 40
265 804 99
265 278 61
265 464 58
266 437 25
266 942 49
267 535 56
267 763 21
267 881 37
268 811 20
269 770 20
270 450 14
271 728 59
271 719 77
272 348 11
272 483 44
273 304 25
273 298 39
273 280 96
274 924 52
274 616 8
275 782 2
275 395 49
275 655 56
275 560 56
275 776 29
276 799 96
277 724 64
277 429 87
277 414 87
278 454 98
278 693 6
278 898 18
278 763 39
279 802 67
280 884 67
280 587 71
282 434 79
282 765 86
283 353 46
283 722 11
283 644 79
284 752 91
285 961 60
287 395 4
287 554 89
287 971 90
287 967 14
288 469 57
288 470 91
288 735 50
289 420 51
289 894 29
289 869 75
289 787 95
290 713 36
291 669 30
291 302 97
292 452 14
292 502 50
292 860 11
292 721 57
293 446 41
293 355 91
294 836 31
294 772 46
294 613 60
294 925 26
294 831 68
295 758 22
295 475 27
296 862 4
297 536 18
299 960 46
299 648 14
299 341 2
299 694 72
300 772 95
303 906 84
303 904 84
304 478 51
304 805 12
305 989 81
305 648 74
305 922 68
306 866 97
306 541 4
307 832 55
307 562 64
308 507 57
308 698 43
309 909 46
310 427 78
310 871 52
310 417 85
311 332 83
311 545 87
312 418 77
312 470 93
313 686 99
313 925 70
314 597 55
314 490 48
314 431 5
314 993 37
315 365 19
315 817 32
317 814 64
318 476 18
318 591 57
318 426 44
318 362 43
319 608 85
320 581 67
321 606 77
321 913 75
321 330 98
321 973 4
322 580 62
324 911 45
325 756 5
325 414 78
326 764 62
327 368 72
327 407 97
327 866 37
327 353 28
328 784 58
328 450 93
328 789 86
329 530 43
329 910 60
329 808 70
330 890 35
330 751 27
330 585 47
331 814 38
332 881 47
332 788 95
333 340 55
335 437 99
337 753 3
337 896 9
337 867 14
338 623 43
338 892 100
338 412 57
340 981 81
340 629 5
340 989 84
341 538 13
341 962 41
343 789 41
343 381 5
343 557 75
344 843 76
345 596 15
345 453 72
346 653 84
346 349 19
347 594 84
348 717 17
348 694 52
349 937 69
349 851 15
349 881 28
349 741 77
350 468 61
350 897 97
352 504 61
352 353 68
354 701 99
355 785 3
355 850 56
355 583 51
355 512 29
356 650 30
357 875 34
357 650 25
357 786 34
359 828 68
361 373 89
362 464 88
362 452 4
362 932 25
363 531 79
363 756 32
364 742 77
364 496 88
365 693 26
365 499 8
366 674 90
366 618 32
366 439 66
366 434 84
366 390 50
366 524 4
367 411 41
367 843 18
367 664 23
367 642 73
369 682 32
369 685 8
370 934 79
370 545 24
371 431 60
371 683 85
372 708 19
372 414 82
373 894 74
373 613 8
374 425 31
375 560 97
376 542 88
376 523 85
376 620 85
377 877 96
377 557 69
377 509 60
377 633 27
378 471 21
379 698 68
379 849 75
380 624 23
381 702 23
381 748 41
382 514 83
382 909 53
382 942 96
383 940 16
385 834 26
385 721 18
385 482 38
385 423 79
386 446 96
386 795 88
387 889 99
387 810 52
387 644 14
387 474 41
388 461 5
388 709 93
388 487 69
389 905 50
391 832 6
392 412 61
392 901 98
393 780 92
393 986 49
394 539 94
395 639 33
395 421 36
395 750 53
395 756 74
396 666 95
396 479 74
396 952 96
397 650 59
398 973 30
398 929 33
398 651 17
398 921 70
398 846 71
399 982 44
399 425 90
399 850 87
400 692 53
400 616 7
401 732 98
402 412 47
403 628 49
403 441 85
403 752 3
403 999 22
404 974 1
405 478 66
406 948 12
407 496 67
409 665 76
409 918 93
410 749 14
410 625 85
412 666 59
412 856 78
413 814 63
413 765 9
413 713 29
414 991 70
414 605 97
415 471 17
415 940 16
416 891 83
417 863 28
417 774 14
419 689 97
419 620 36
420 897 30
420 962 84
421 932 36
421 780 14
421 824 60
421 810 21
421 593 48
421 545 88
421 435 19
422 527 37
423 960 65
423 444 3
425 915 98
426 526 89
426 447 39
427 528 54
427 463 80
428 775 58
428 523 76
429 958 7
429 989 25
430 779 38
431 433 9
431 583 73
432 831 17
433 909 5
433 829 31
435 779 1
436 615 86
436 528 92
436 928 40
437 445 91
437 784 80
438 452 11
439 635 43
439 663 55
441 804 53
442 553 44
443 791 90
444 925 85
445 988 90
445 547 39
445 727 19
447 904 42
448 620 97
448 762 17
449 589 19
449 889 19
449 604 91
450 566 99
450 601 27
450 787 90
451 454 87
451 702 42
452 705 41
452 494 26
453 589 10
453 959 84
453 493 9
453 668 43
454 697 80
454 775 42
455 588 80
456 628 37
457 944 27
457 777 32
457 501 51
459 791 61
460 795 48
461 948 90
462 873 43
462 630 51
462 727 45
464 869 56
464 700 24
466 823 38
466 892 83
466 659 8
467 996 42
468 784 88
469 564 64
469 858 67
469 640 14
470 798 15
470 884 37
470 554 99
472 910 37
472 937 75
473 866 36
473 970 48
474 990 62
474 642 18
474 885 76
475 898 14
477 643 100
478 936 99
478 622 33
480 659 73
480 734 59
481 588 15
482 880 25
482 779 81
482 728 91
483 556 82
483 877 44
484 489 13
484 615 14
485 782 35
488 643 62
488 927 48
491 571 16
492 975 31
492 588 77
495 831 50
495 625 29
496 943 47
498 690 32
499 585 65
500 772 65
501 871 4
503 675 88
505 882 17
505 956 51
505 580 50
505 657 25
506 528 33
508 895 68
508 761 66
509 903 50
509 835 45
510 896 67
510 965 30
511 845 15
511 711 81
512 896 44
512 829 29
514 704 65
514 581 43
514 659 65
515 966 85
515 886 33
515 964 96
516 822 27
516 670 3
516 841 12
518 980 11
518 682 60
519 839 47
520 711 71
520 864 77
521 795 71
521 978 72
523 855 50
524 776 23
525 534 36
526 708 41
526 916 57
526 568 2
528 559 59
528 664 74
528 684 83
530 592 13
530 750 31
531 631 98
531 561 22
532 997 4
532 542 93
532 718 72
532 826 26
532 852 91
532 737 72
533 928 92
534 819 71
536 992 59
538 789 80
540 774 71
540 887 72
540 816 68
540 985 44
541 732 83
542 604 90
543 575 63
546 654 1
546 547 55
547 942 7
547 622 20
548 677 80
549 874 26
549 608 97
550 697 56
550 894 29
550 743 45
551 987 17
551 830 55
551 712 2
551 553 57
551 642 50
551 974 4
552 887 63
553 765 26
554 967 52
554 887 18
554 569 73
555 575 67
556 687 60
556 801 98
557 698 63
557 567 1
558 978 6
559 728 10
559 612 43
559 915 86
561 857 9
561 581 18
561 799 25
562 778 90
563 681 40
563 703 90
563 786 6
564 719 25
564 925 56
564 628 77
564 596 1
564 678 76
564 811 66
565 757 58
567 706 86
567 848 76
567 618 62
567 626 64
568 668 67
569 963 89
570 709 9
570 815 3
571 884 59
571 850 23
571 830 52
572 609 53
572 935 80
572 903 79
575 998 6
575 924 62
577 875 52
578 881 100
579 748 74
579 782 14
579 669 93
583 700 98
584 710 94
584 706 34
585 616 23
585 672 69
585 700 14
586 660 67
587 761 41
587 855 5
587 607 48
588 683 50
594 876 20
595 765 55
595 707 14
598 670 74
598 640 78
598 628 75
599 922 47
600 741 4
600 696 17
601 731 92
601 608 31
603 726 2
605 810 49
607 610 73
607 624 53
609 617 23
609 721 37
609 616 37
611 671 58
611 892 26
612 992 24
613 868 23
613 672 76
613 800 77
613 752 8
614 891 17
615 956 98
616 633 12
616 908 13
621 695 15
622 878 87
624 851 11
625 824 92
625 791 74
625 676 6
627 977 27
628 765 76
629 783 77
630 715 25
631 996 64
631 696 58
631 765 85
632 971 87
634 886 60
634 957 53
634 672 42
636 698 76
636 915 10
637 650 27
638 912 88
638 664 25
639 731 72
639 854 47
640 908 87
641 849 49
642 906 14
643 754 7
644 787 8
644 735 59
647 794 98
647 814 61
647 827 100
649 750 51
649 899 98
650 695 84
650 966 18
652 782 32
653 790 79
656 997 23
657 955 46
657 738 29
658 853 68
658 785 43
660 983 41
660 718 1
661 784 23
662 737 21
663 664 28
664 968 12
664 835 64
667 911 33
668 715 73
669 943 52
670 783 91
670 978 27
671 722 82
677 836 10
677 862 36
678 699 54
678 970 51
678 902 80
679 847 15
679 786 42
680 904 31
680 978 40
681 760 42
681 955 3
683 764 44
685 821 58
686 764 75
686 979 30
686 936 13
687 766 80
688 803 65
688 872 30
689 991 47
691 944 12
694 772 57
694 815 8
696 930 50
697 716 2
697 922 35
700 817 33
701 995 75
701 750 7
703 896 80
706 878 35
707 814 70
709 720 51
709 814 78
709 770 7
713 848 87
714 726 44
715 979 47
715 945 79
718 968 62
719 755 2
721 745 83
721 933 99
721 932 31
723 837 100
723 886 82
724 919 77
728 802 75
729 798 56
730 875 47
730 876 22
732 926 15
732 807 96
733 880 64
734 826 1
734 795 77
734 942 51
736 969 43
736 939 14
736 758 53
736 763 9
736 864 31
737 893 32
739 888 75
739 862 19
740 923 99
742 748 58
742 947 67
743 815 30
743 896 28
744 977 54
745 992 77
745 953 29
749 781 17
749 821 28
751 982 2
751 768 66
752 938 11
753 938 23
755 901 90
756 947 81
756 914 62
757 984 22
759 994 89
759 800 45
759 984 38
760 811 85
760 929 93
760 830 70
762 783 10
763 827 64
763 903 81
767 938 8
769 809 77
770 792 35
772 979 57
773 861 9
774 898 5
776 950 1
779 941 31
779 957 41
780 942 77
783 922 3
786 910 82
786 861 50
790 906 16
791 988 53
792 842 40
793 972 61
795 851 2
796 916 16
797 944 94
799 840 70
801 856 6
801 980 59
802 807 50
803 921 48
805 956 25
806 913 59
807 899 82
809 971 3
809 893 47
812 887 29
812 935 74
820 823 34
821 993 11
825 996 77
828 891 17
835 921 25
838 918 32
838 985 22
838 865 13
839 863 63
839 908 11
841 964 62
841 923 72
842 867 95
846 903 59
849 871 88
849 882 39
850 985 42
854 961 23
855 959 28
858 880 34
859 889 36
862 951 50
864 892 79
867 943 2
867 916 12
869 986 53
871 966 27
874 942 64
879 933 94
883 973 27
889 977 23
889 995 22
892 950 96
896 899 86
900 903 41
902 976 64
907 961 29
908 925 38
909 957 63
922 938 76
925 988 35
935 986 97
936 941 9
940 972 32
962 994 20
970 972 99
993 996 42
