100 200 10
21
16
32
33
22
50
36
44
36
17
13
22
28
24
21
10
33
34
30
31
26
48
48
27
14
44
33
35
47
35
31
22
37
21
16
46
30
23
45
30
15
30
38
33
22
43
40
34
46
39
14
46
42
35
31
37
12
14
22
45
45
19
16
20
14
14
49
32
41
12
21
17
10
40
33
31
26
34
25
13
14
49
49
45
36
35
39
21
47
16
14
23
10
46
15
43
47
20
25
50
1 83 34
1 67 64
1 8 16
1 89 45
2 41 49
2 23 31
2 53 83
2 60 97
3 13 55
3 91 37
3 86 93
3 53 11
4 91 33
4 5 27
4 55 100
4 39 24
4 42 71
4 6 60
5 91 40
5 51 3
5 9 83
5 30 42
5 43 3
6 71 72
6 86 74
6 7 96
7 76 1
8 94 83
8 40 58
8 57 30
8 69 67
8 29 70
9 87 80
9 93 20
9 80 82
9 72 73
10 96 72
10 85 60
11 31 68
11 72 42
11 37 59
12 94 93
12 37 83
12 48 4
12 55 59
12 93 2
13 19 46
13 26 20
13 58 16
13 25 42
14 28 59
14 33 33
14 55 100
14 86 55
15 23 45
16 62 86
16 65 26
16 87 43
16 57 37
16 35 8
16 96 25
17 38 20
17 36 83
17 81 18
17 25 34
17 35 50
17 80 49
17 95 54
18 75 27
18 91 69
18 71 31
20 87 48
21 78 8
21 67 85
21 64 29
21 38 50
21 93 55
21 94 33
21 76 6
22 39 87
22 31 10
23 50 94
23 48 53
24 95 31
24 77 71
24 70 58
24 26 29
24 65 52
24 49 17
24 72 21
25 34 76
25 56 60
25 53 19
26 43 34
26 63 82
26 27 6
27 89 15
27 81 1
29 68 27
29 62 37
29 66 87
30 61 97
30 81 76
30 58 3
31 41 10
32 43 70
32 81 53
32 48 56
32 78 43
33 63 79
33 51 73
33 88 59
33 71 49
33 52 33
33 62 25
34 99 35
34 37 18
34 84 5
34 40 57
34 67 49
35 59 16
35 86 16
36 97 97
36 76 23
36 96 85
37 45 98
37 65 2
37 98 58
37 62 4
37 83 31
39 88 49
40 76 98
40 80 98
40 48 53
40 83 45
40 67 76
41 50 45
41 87 89
41 49 82
41 53 93
41 57 59
41 97 73
42 86 18
42 83 80
42 87 23
43 98 18
43 50 94
43 66 3
44 68 13
44 76 81
46 55 23
46 82 43
47 48 26
48 73 23
49 64 57
49 88 6
50 70 34
50 99 67
51 100 100
51 90 72
52 57 66
52 84 64
52 61 99
53 56 95
53 81 49
53 96 64
53 73 32
54 93 92
54 64 10
55 97 75
55 66 11
55 92 26
55 84 33
55 64 46
56 86 65
58 68 8
58 75 76
60 76 94
64 84 34
64 68 11
64 65 59
65 98 7
66 82 46
66 86 13
66 76 58
67 79 75
69 74 16
69 71 30
72 80 59
72 100 20
72 93 3
72 83 86
75 85 35
79 81 10
79 95 72
80 85 46
80 89 37
85 96 21
92 100 79
94 97 8
94 81
48 69
30 87
31 45
5 60
51 2
93 49
70 67
39 64
68 40
