100 125 10
50
21
50
22
17
24
30
42
35
45
42
18
17
18
35
21
28
40
24
14
29
31
33
18
37
22
49
49
12
40
39
22
45
24
27
31
32
16
26
40
42
36
27
27
10
40
44
49
37
10
15
27
34
21
25
32
19
28
44
42
43
26
43
38
30
38
23
28
24
49
37
47
28
23
33
39
36
23
17
42
15
46
48
29
31
44
37
10
41
28
29
13
38
28
36
45
22
24
32
44
1 97 59
1 32 81
1 27 27
1 23 31
2 81 89
2 7 91
3 83 62
3 50 59
3 99 30
3 78 69
3 69 94
4 95 63
4 61 5
4 20 70
5 91 73
5 35 35
5 52 58
6 26 51
7 94 12
7 86 68
7 74 30
7 68 55
8 33 23
9 65 55
9 54 50
9 30 82
9 90 87
10 78 59
10 28 46
11 66 40
12 42 67
12 50 1
12 27 9
13 77 45
14 40 95
14 34 27
15 64 78
15 84 88
16 70 41
17 46 5
17 53 58
18 19 12
18 90 24
18 78 38
18 35 82
19 21 95
20 60 68
20 72 20
22 74 81
23 100 2
23 35 68
24 47 68
25 41 88
25 57 53
25 88 59
26 92 34
26 77 46
26 99 64
26 89 46
27 31 38
28 68 96
28 39 64
28 42 55
29 57 52
30 75 71
31 73 84
31 32 66
31 92 70
32 94 96
32 51 20
33 58 61
33 69 60
34 84 53
34 88 89
34 82 44
35 54 71
35 96 84
36 79 30
37 88 96
38 99 95
38 78 81
40 96 21
40 71 22
40 62 87
40 59 93
41 79 82
42 98 69
42 53 54
43 48 12
44 47 95
44 79 77
45 72 34
45 91 71
47 98 19
48 66 71
49 68 48
49 82 70
50 80 98
51 69 46
51 89 29
51 88 86
52 61 92
53 61 12
54 77 65
55 88 71
55 70 34
55 82 41
56 91 76
56 70 29
59 75 22
59 94 61
62 64 64
63 73 70
64 85 100
66 76 49
66 84 8
67 82 18
67 100 93
70 90 44
71 93 58
74 79 19
78 88 63
79 85 65
86 89 21
87 93 36
78 2
86 81
31 62
19 99
97 89
70 17
12 5
37 45
15 37
16 65
