1000 3000
1 48 95
1 58 71
1 394 42
1 847 3
1 560 52
1 810 25
2 750 12
2 158 22
2 434 61
2 779 59
2 778 50
3 174 19
3 793 99
3 644 82
3 301 5
3 374 69
3 215 79
3 25 13
4 597 1
4 55 39
4 296 90
4 165 100
5 954 45
5 263 80
5 923 12
5 386 5
5 329 88
6 218 52
6 461 36
6 305 81
6 581 72
6 320 8
6 228 48
7 18 97
7 29 48
7 68 48
7 86 43
7 178 87
7 831 42
8 875 38
8 177 4
8 145 71
8 935 76
8 630 81
8 30 65
8 912 70
8 619 19
9 733 20
9 690 48
9 211 5
9 242 69
9 499 3
10 135 89
10 606 34
10 138 34
11 409 48
11 643 38
11 398 57
11 97 71
12 585 29
12 639 2
12 529 9
12 178 26
12 514 33
12 382 87
12 600 12
12 990 7
12 575 52
12 545 3
13 388 81
13 58 77
13 839 59
13 701 87
13 652 59
14 587 82
14 789 50
14 341 91
14 230 100
14 426 79
15 594 54
15 176 1
15 52 79
15 248 55
15 835 97
15 783 70
15 644 71
16 230 66
16 96 5
16 476 27
17 853 5
17 765 97
17 796 46
17 88 95
17 585 74
17 590 79
17 90 14
18 725 53
18 745 31
18 130 11
18 349 92
18 567 59
19 398 68
19 211 10
19 584 12
19 506 42
20 920 29
20 829 84
20 377 71
20 915 11
20 23 46
20 426 95
20 47 18
21 261 19
21 549 10
21 550 58
21 645 59
21 255 73
21 510 8
21 784 6
21 750 33
21 607 42
22 614 79
22 121 57
22 294 43
22 68 44
22 409 45
22 533 76
23 938 60
23 531 35
23 755 33
23 999 46
24 908 59
24 118 88
24 957 31
24 615 54
24 272 58
24 48 100
24 70 44
24 763 73
25 726 92
25 372 31
25 254 45
25 104 22
25 754 73
25 439 69
26 341 15
26 44 24
26 581 20
26 441 73
26 432 41
26 121 6
26 450 84
26 294 29
26 973 23
27 314 38
27 400 30
27 490 17
27 223 27
28 701 50
28 555 86
28 972 29
29 969 37
29 361 68
29 861 35
30 207 20
30 749 27
30 360 71
30 876 59
30 160 52
30 812 3
30 229 87
30 325 56
31 434 89
31 886 15
31 723 33
31 115 65
31 254 53
31 303 59
31 782 48
31 96 69
31 497 70
32 611 70
32 971 51
32 723 56
32 542 64
32 804 42
33 577 13
33 930 9
33 537 28
33 600 32
33 518 100
33 987 27
33 666 44
33 820 25
33 401 75
34 475 91
34 690 54
34 91 28
34 976 4
34 719 47
34 627 11
34 433 18
34 817 14
35 599 86
35 150 98
35 209 93
35 671 16
35 244 21
35 620 62
36 506 35
36 159 49
36 930 56
36 705 68
36 352 25
36 368 11
36 238 12
36 97 64
36 595 35
37 544 72
37 872 57
37 58 65
37 176 91
38 792 81
38 293 9
38 129 30
38 324 10
38 593 46
38 357 46
38 984 97
39 784 52
39 218 26
39 203 14
40 342 91
40 917 62
40 979 100
40 583 74
40 961 31
40 350 40
40 432 81
40 237 46
40 255 19
40 285 73
40 569 53
40 241 36
41 862 31
41 902 44
41 747 73
41 720 61
41 299 86
41 250 68
41 333 34
41 950 81
41 673 17
42 113 62
42 212 89
42 326 30
42 91 28
43 723 94
43 823 97
43 301 70
43 918 84
43 51 97
43 397 26
44 650 48
44 418 25
44 824 31
44 359 13
44 476 42
45 561 92
45 901 42
45 129 7
45 421 29
45 330 99
46 104 23
46 907 71
46 724 50
47 843 81
47 869 88
47 331 93
47 973 57
48 913 81
48 992 65
48 258 25
48 153 7
48 248 63
49 744 21
49 339 26
49 556 24
49 147 49
49 530 95
49 857 26
50 197 72
50 250 39
50 964 96
50 819 22
50 719 20
50 729 62
51 578 10
51 93 74
51 266 57
51 809 87
51 795 33
51 540 79
51 555 47
51 998 63
52 677 29
52 747 68
52 852 33
52 817 13
52 678 71
52 698 91
53 96 57
53 973 69
53 733 96
53 90 88
54 232 47
54 323 94
54 868 96
54 933 41
55 140 7
55 522 92
55 167 88
55 253 47
55 202 88
55 114 50
55 655 65
56 677 3
56 862 13
56 536 51
56 405 28
56 538 8
57 171 21
57 860 63
57 633 41
58 950 54
58 415 2
58 208 86
58 580 74
58 305 8
58 323 41
59 352 9
59 867 67
59 431 81
59 964 32
59 930 44
59 150 6
59 945 59
60 281 98
60 413 77
60 701 33
60 516 47
60 135 36
60 443 99
61 68 13
62 980 73
62 186 65
62 304 51
62 361 1
62 641 7
62 674 69
62 649 86
62 739 66
62 403 67
62 776 89
63 493 91
63 287 43
63 869 71
63 564 26
63 438 80
63 131 34
64 252 83
64 952 54
64 954 11
64 798 1
64 947 38
64 708 74
64 427 31
65 334 26
65 754 93
65 315 23
65 81 33
65 666 6
66 608 84
66 670 15
66 618 70
66 273 37
66 500 81
66 295 33
67 496 7
67 204 2
67 589 99
67 841 86
68 564 16
68 499 74
68 291 95
68 872 37
68 165 16
68 428 95
68 175 60
68 92 25
68 289 38
69 961 77
69 829 69
69 501 29
69 89 83
69 923 46
69 77 92
70 109 43
70 770 69
70 429 71
70 888 68
70 119 12
70 420 23
71 612 17
71 505 78
71 855 35
71 850 68
71 599 55
71 867 39
72 570 63
72 103 80
72 431 29
72 941 33
72 235 37
73 277 44
73 751 17
73 914 10
73 314 61
73 825 1
73 346 76
73 319 81
73 924 29
74 977 21
74 438 54
74 664 90
74 345 94
74 408 80
74 373 5
75 295 25
75 219 34
75 708 68
75 516 15
75 815 93
75 155 63
75 543 34
75 628 29
76 222 13
76 384 2
76 87 62
76 731 57
76 872 11
76 466 19
77 500 48
77 89 56
77 266 32
77 898 81
77 825 72
77 452 57
77 865 52
78 563 96
78 231 7
78 321 89
78 644 59
79 759 75
79 89 56
79 808 89
79 847 95
79 292 68
79 490 72
79 590 6
80 514 96
80 539 82
80 655 64
80 464 61
80 380 82
80 593 77
80 555 80
80 392 17
80 681 9
80 269 6
80 620 58
80 116 88
80 774 99
81 843 97
81 434 31
81 663 66
82 228 36
82 614 92
82 680 41
82 642 63
82 133 63
82 630 99
83 173 31
83 168 55
83 364 15
83 510 51
83 220 11
83 966 52
83 591 65
84 770 94
84 903 81
84 405 18
84 988 29
84 584 66
84 888 54
84 841 76
84 440 81
85 947 3
85 574 49
85 567 82
85 192 37
85 169 5
85 918 19
86 326 8
86 180 79
86 997 41
86 875 13
86 432 61
87 383 31
87 283 52
87 259 79
87 323 64
87 554 34
88 900 100
88 355 47
89 785 9
89 607 13
89 433 3
89 695 75
89 467 30
89 728 71
89 856 78
90 476 5
90 263 10
90 417 89
90 925 44
91 911 45
91 98 74
91 613 29
91 846 40
91 787 21
91 992 42
91 905 46
92 917 75
92 626 93
92 413 36
92 589 2
93 383 29
93 721 66
93 100 55
93 846 81
93 693 12
93 407 69
93 734 42
94 332 76
94 298 16
94 578 83
94 749 61
94 519 27
94 960 24
94 378 50
95 157 85
95 319 7
95 592 92
95 504 7
95 461 19
96 792 56
96 161 47
96 427 49
96 849 69
96 165 4
96 949 11
97 806 90
97 773 96
97 837 60
97 974 84
97 218 56
97 792 7
97 581 11
97 557 52
98 483 75
98 424 97
98 106 100
98 333 71
99 900 38
99 420 23
99 800 93
99 419 51
99 374 82
99 485 66
99 330 80
100 857 80
100 284 49
100 457 66
100 845 42
100 483 44
100 137 56
100 794 68
100 728 62
101 873 21
101 384 23
101 103 68
102 447 73
102 965 15
102 465 80
103 839 93
103 912 100
103 314 73
103 377 32
103 797 36
103 430 90
104 294 70
104 992 18
104 330 4
105 776 86
105 748 36
105 779 52
105 703 36
106 957 74
106 664 42
106 459 99
107 228 74
107 486 86
107 232 73
107 634 31
108 953 67
108 897 49
108 870 95
108 812 97
108 301 62
108 472 8
108 426 22
109 647 2
109 944 69
109 146 90
109 172 95
109 984 89
109 267 34
109 378 40
110 943 80
110 654 99
110 780 2
110 952 24
110 776 33
110 855 43
110 125 20
111 410 30
111 583 34
111 383 38
111 471 68
112 590 79
112 843 5
112 167 93
112 227 15
112 231 97
113 619 3
113 664 97
113 943 21
113 401 63
113 863 88
113 353 71
114 523 26
114 273 47
114 156 90
114 213 49
114 507 80
114 214 79
114 911 79
114 145 42
114 846 17
114 259 19
115 300 30
115 613 17
115 545 75
115 589 71
115 839 88
116 733 49
116 574 85
116 273 5
117 489 54
117 571 18
117 975 43
117 414 94
117 325 21
118 987 7
118 662 57
118 717 26
118 408 1
118 551 49
118 982 73
118 556 45
119 981 80
119 496 63
119 849 59
119 127 17
119 802 32
120 215 15
120 639 19
120 209 18
120 812 13
120 692 71
120 346 49
121 263 45
121 143 86
121 868 73
121 190 33
121 498 42
121 602 24
122 912 70
122 667 35
122 643 91
123 897 33
124 308 35
124 456 70
124 868 38
125 162 18
125 733 29
125 569 78
126 541 22
126 193 19
126 758 19
126 708 77
126 382 61
127 881 21
127 917 44
127 310 49
127 722 81
127 690 24
127 329 27
127 801 13
127 167 6
128 694 32
128 277 99
128 328 35
128 955 82
128 668 15
129 711 100
129 433 84
129 1000 89
130 188 18
130 553 66
130 256 98
130 251 5
130 573 49
131 475 49
131 712 27
131 653 66
131 428 44
131 888 91
131 923 31
131 696 20
132 149 97
132 213 99
132 182 14
132 637 28
132 215 88
132 741 71
132 219 37
132 298 49
133 922 66
133 860 56
133 177 26
133 792 62
133 606 50
134 898 18
134 235 49
134 281 15
135 801 52
135 139 88
135 460 68
135 750 43
135 553 12
136 940 57
136 366 82
136 492 92
136 364 69
136 691 34
136 213 100
136 178 91
137 956 44
137 691 16
137 609 3
137 379 67
137 152 98
137 437 48
138 853 48
138 801 68
138 319 30
138 973 11
139 997 42
140 840 39
140 878 76
140 747 88
140 900 70
140 688 97
141 674 50
141 474 39
141 784 58
141 354 79
141 794 69
141 969 59
142 666 45
142 877 36
142 654 76
142 890 13
142 613 64
142 561 4
142 281 75
143 515 2
143 581 12
143 550 10
143 685 35
143 203 31
143 937 87
144 425 64
144 393 37
144 541 54
144 715 63
144 923 11
145 504 31
145 950 66
145 798 90
145 614 91
145 748 27
145 287 46
145 233 82
145 685 91
145 367 68
146 764 76
146 439 19
146 271 23
146 781 37
146 853 24
147 307 45
147 769 34
147 970 67
147 895 88
147 739 72
147 974 41
148 165 90
148 767 4
148 622 72
148 202 14
149 877 34
149 825 86
149 483 86
149 636 80
150 168 63
150 875 47
151 355 85
151 644 11
151 502 31
151 378 84
152 209 49
152 408 58
153 742 52
153 666 42
153 978 95
153 933 36
153 269 74
153 969 40
153 738 9
153 863 45
154 453 45
154 467 12
154 865 11
154 239 75
155 280 96
155 665 97
155 465 88
155 375 84
155 239 44
155 726 92
155 174 97
156 370 7
156 226 44
156 581 26
156 405 28
156 475 15
157 270 1
157 787 30
157 235 17
158 658 69
158 233 23
159 185 17
159 527 70
159 776 46
159 903 100
159 754 56
159 218 56
159 819 35
159 394 63
159 304 73
160 848 51
160 969 33
160 174 63
161 442 32
161 495 15
161 242 11
162 534 29
162 778 42
162 917 28
162 297 43
162 190 92
162 951 82
162 379 27
162 694 60
163 551 48
163 427 5
163 750 41
163 844 15
163 476 46
163 287 80
163 602 96
164 169 51
164 351 52
164 196 10
164 369 29
164 336 1
165 467 65
165 892 58
165 456 36
165 409 99
165 383 52
165 194 29
165 557 32
166 511 71
166 837 90
166 629 70
167 199 92
167 347 92
167 898 67
167 911 51
168 183 80
168 842 41
168 400 29
168 236 79
168 773 28
168 485 41
169 710 50
169 875 10
169 419 97
169 417 8
170 940 78
170 236 23
170 423 35
170 901 80
171 624 17
171 718 53
171 548 94
171 467 78
172 572 6
172 938 46
172 744 85
172 237 26
172 187 30
172 843 7
172 364 25
172 835 38
172 450 72
172 968 67
173 834 92
173 690 19
174 211 63
174 602 84
174 249 24
175 866 46
175 351 18
175 464 89
175 415 94
175 957 62
175 380 85
175 698 43
176 397 2
176 474 72
176 683 70
176 300 16
176 374 29
176 453 43
177 598 34
177 471 95
177 823 54
177 248 68
178 571 99
178 332 73
178 368 20
179 794 61
179 277 8
179 501 29
179 519 84
179 267 91
179 247 22
180 613 99
180 709 60
180 656 31
181 908 92
181 377 3
181 696 74
182 249 93
182 577 43
182 792 53
182 353 48
182 870 66
182 508 48
182 471 9
183 597 18
183 366 21
184 279 7
184 912 31
184 382 75
184 402 36
184 933 89
184 223 60
185 220 6
185 502 35
185 357 28
186 384 85
186 460 5
186 606 87
186 392 27
187 683 37
187 503 26
187 898 97
187 374 84
187 581 31
187 361 100
187 230 15
188 788 32
188 943 88
189 652 48
189 866 17
189 336 39
189 712 31
189 465 36
189 884 43
189 294 62
189 838 17
189 401 27
190 881 17
190 766 98
190 270 9
190 734 3
191 456 27
191 782 7
191 752 73
191 413 71
191 598 77
192 407 54
192 477 51
192 464 37
192 996 29
192 627 85
192 845 11
193 741 55
193 280 83
193 845 58
193 546 7
194 973 93
194 531 69
194 941 76
194 208 4
194 525 31
194 576 6
195 261 97
195 818 38
195 624 35
195 525 79
195 344 42
195 793 94
196 934 37
196 813 34
196 459 39
196 435 70
196 611 99
197 518 39
197 361 11
197 410 16
197 766 15
198 685 53
198 900 56
198 489 87
199 739 47
199 964 63
200 922 51
200 412 81
200 754 81
200 435 4
200 738 61
200 463 71
200 808 82
201 692 31
201 555 88
201 873 44
201 685 7
201 308 56
202 430 9
202 702 95
202 448 42
202 362 40
202 551 68
202 669 82
202 952 65
202 413 60
203 216 33
203 850 22
203 495 68
203 345 46
203 787 82
204 571 59
204 606 73
204 270 50
204 634 78
204 651 39
205 962 51
205 304 65
205 538 26
205 762 33
205 492 1
205 355 36
205 491 95
205 704 49
205 218 37
206 295 49
206 467 75
206 969 82
206 794 70
206 556 28
206 805 49
206 504 27
207 986 82
207 221 34
208 830 42
208 727 51
208 708 74
208 528 18
208 402 11
208 423 74
209 513 7
210 250 21
210 619 67
210 733 21
210 415 91
210 525 27
211 939 18
211 811 24
211 793 10
211 556 10
211 623 61
211 225 88
211 761 96
211 888 93
212 890 50
212 549 82
212 243 49
212 961 33
213 561 82
213 730 81
213 850 7
213 405 73
214 654 59
214 555 90
214 737 98
214 968 86
214 576 32
214 842 94
215 288 20
215 977 66
216 667 78
217 238 59
217 986 79
217 645 51
218 333 89
218 700 14
218 535 7
219 651 44
219 585 16
219 250 66
219 856 62
220 272 71
220 820 73
221 790 68
221 767 100
221 534 86
221 851 30
221 827 44
221 572 96
222 437 61
222 346 60
222 526 6
222 879 2
222 971 21
222 556 27
222 714 89
222 484 25
222 671 8
222 915 22
222 897 95
223 433 14
223 852 96
223 349 20
223 848 87
223 626 12
223 280 68
224 864 44
224 897 18
224 810 31
224 968 43
225 686 95
225 530 23
225 608 55
226 840 21
226 346 10
226 415 4
227 737 64
227 949 49
227 998 5
227 892 91
227 840 27
228 838 47
228 455 92
228 869 67
228 798 88
229 879 97
229 793 56
229 571 28
230 284 100
230 802 71
230 480 10
231 713 34
232 983 77
232 278 41
232 449 80
232 539 41
232 641 55
232 661 33
232 254 90
233 967 23
233 549 61
233 618 8
233 238 80
233 748 63
234 631 21
234 479 94
234 917 96
234 624 80
234 261 99
234 716 56
235 580 61
235 622 4
235 539 28
235 608 91
235 546 4
235 960 53
236 708 5
236 507 21
236 881 6
236 481 2
237 989 37
237 873 94
237 642 98
237 980 7
237 988 83
237 850 23
237 403 65
237 344 5
237 304 43
237 450 40
238 627 39
238 675 62
238 342 72
238 696 41
239 734 8
239 592 14
239 540 13
240 500 100
240 517 23
240 353 7
240 751 35
240 683 66
240 357 18
241 435 7
241 400 17
241 895 65
241 800 57
242 814 92
242 362 11
242 766 55
242 404 77
242 453 77
243 366 72
243 614 32
244 804 25
244 726 63
245 978 56
245 722 41
245 927 41
246 345 55
246 936 51
246 383 58
246 537 96
247 363 76
247 534 79
247 353 84
247 585 94
247 848 91
247 745 91
248 486 20
248 454 11
248 801 96
248 646 88
248 667 81
248 627 46
249 459 75
249 759 62
249 919 49
250 972 51
250 812 49
250 372 51
250 781 65
250 876 26
250 634 94
250 547 17
250 336 96
251 949 30
251 713 98
251 525 35
251 351 62
252 648 8
252 368 27
252 348 39
253 340 88
253 924 92
253 596 53
253 537 5
254 794 73
254 685 19
254 681 59
254 483 20
255 335 35
255 965 15
255 617 66
255 815 87
256 502 36
256 799 72
256 866 81
256 476 86
257 984 92
257 347 81
257 258 35
258 529 50
258 891 81
258 881 51
258 424 85
258 437 46
258 620 58
258 630 86
258 266 5
258 958 15
258 259 42
259 560 13
259 382 35
259 387 25
259 744 87
259 852 82
260 389 87
260 446 5
260 462 50
260 489 56
261 836 61
261 793 83
261 554 27
262 450 2
262 992 6
262 868 98
262 559 15
262 622 71
262 544 23
262 978 7
262 785 74
263 451 97
264 528 96
264 593 21
264 849 43
264 919 1
265 998 81
265 906 18
265 865 59
266 827 60
266 585 60
266 361 31
266 766 87
266 484 27
266 949 10
266 886 88
267 658 24
267 418 54
267 809 85
267 972 79
268 337 2
268 842 72
268 317 2
268 565 22
269 906 98
269 617 62
269 944 41
269 702 40
269 735 69
269 304 66
270 774 51
271 678 3
271 810 17
272 678 62
272 537 82
272 307 94
272 873 96
272 731 26
272 467 90
273 579 48
273 691 48
273 944 63
273 804 83
273 596 57
274 443 79
274 386 37
274 475 77
274 827 10
274 385 97
275 601 13
275 730 89
275 500 79
275 497 72
275 665 79
275 313 22
276 643 89
276 743 35
276 337 50
276 763 65
277 1000 64
277 895 78
278 823 93
278 611 30
278 871 35
278 411 61
279 685 66
279 921 37
279 514 3
280 614 33
280 891 2
280 519 93
280 873 85
280 677 61
280 456 98
280 402 75
281 468 36
281 756 12
281 596 24
282 329 43
282 746 41
282 419 84
282 796 77
282 536 34
282 564 48
283 353 48
283 348 63
283 541 79
283 670 52
283 478 81
283 429 90
283 394 90
283 820 1
284 537 23
284 742 46
284 498 96
285 886 9
285 340 73
285 458 33
286 757 55
287 687 82
287 315 22
287 682 46
288 773 33
288 838 78
288 700 48
288 914 51
288 295 96
288 982 43
288 843 90
288 908 27
289 955 69
289 838 29
289 591 13
289 486 86
289 377 2
290 321 73
290 329 40
290 370 74
291 293 93
291 664 99
291 824 35
291 511 14
291 948 17
292 951 13
292 328 19
292 835 62
292 406 75
292 969 24
292 678 75
292 860 81
293 596 32
293 937 90
293 317 44
293 716 23
294 729 22
294 522 60
294 915 100
294 484 74
294 982 92
295 910 11
295 388 21
295 725 76
295 797 99
296 849 14
296 497 10
297 948 4
297 745 73
297 340 69
297 355 34
298 753 43
298 491 58
298 982 41
299 365 73
299 800 21
299 762 97
299 875 12
300 432 96
300 948 13
300 728 43
300 849 7
301 440 14
301 793 87
301 532 57
301 634 20
301 801 34
302 390 47
302 495 95
303 508 56
303 891 10
303 635 52
303 854 70
303 484 47
304 900 8
304 972 80
304 583 21
305 657 79
305 440 14
306 518 76
306 392 84
306 348 91
306 729 37
306 512 1
307 438 58
307 838 52
307 583 74
308 321 51
308 404 40
309 894 23
309 679 18
309 940 76
309 400 34
309 840 83
309 926 7
309 801 26
310 992 86
310 431 47
310 827 40
311 395 23
311 687 40
311 752 48
311 910 81
312 817 25
312 886 40
312 568 50
312 344 52
312 416 68
312 603 46
312 745 75
312 370 37
313 818 27
313 722 41
314 808 20
314 788 86
315 686 93
315 688 80
315 517 5
315 697 54
315 865 48
316 804 81
317 689 84
317 568 10
317 423 69
317 400 47
317 622 99
317 521 84
318 510 25
318 455 66
318 722 77
318 463 4
318 800 82
318 754 53
318 410 8
318 402 94
319 369 53
319 854 55
319 473 46
319 906 25
319 949 85
320 493 93
320 322 41
321 736 7
321 934 89
321 792 14
321 695 3
321 882 95
321 349 43
321 829 50
322 831 44
322 938 57
322 653 87
322 455 28
323 423 48
323 471 82
323 725 38
323 679 67
324 703 22
324 356 63
324 841 83
324 415 88
324 915 5
324 352 33
324 886 99
325 847 26
325 793 2
325 330 19
325 459 52
326 763 36
326 761 60
326 454 15
326 695 74
326 548 93
326 460 4
326 854 22
326 723 84
326 811 25
327 780 63
327 932 99
327 584 35
327 470 55
327 714 63
328 553 3
328 516 47
328 849 84
328 502 76
329 855 65
329 968 2
329 887 89
329 637 57
329 689 28
329 578 56
329 391 34
330 465 39
330 469 4
331 665 20
331 625 95
331 709 79
331 598 6
331 893 8
331 553 41
331 388 31
331 754 34
332 754 63
332 534 77
332 398 59
332 448 75
333 586 55
333 565 38
333 860 33
333 366 65
334 816 65
334 830 61
334 578 55
334 594 94
334 622 13
334 704 25
335 635 88
335 633 38
335 415 97
335 884 55
336 420 18
337 522 5
337 437 16
338 907 16
338 685 67
338 964 12
338 766 7
338 353 2
339 758 56
339 845 30
340 608 94
340 656 42
341 524 46
341 800 40
341 491 41
341 497 86
341 765 83
341 630 37
342 494 49
342 616 14
342 852 60
342 911 59
343 462 41
343 684 11
343 525 98
343 903 84
343 492 98
343 434 50
343 983 24
343 805 35
344 899 19
344 663 4
344 919 83
344 548 75
345 867 2
345 715 32
345 362 74
346 684 56
347 530 91
347 798 61
347 926 37
347 533 57
348 733 67
348 951 50
349 428 19
349 557 92
349 754 44
349 638 82
349 495 84
349 906 54
349 849 67
349 648 23
350 521 15
350 394 97
351 499 29
351 427 27
352 757 11
352 798 98
352 393 58
353 691 98
353 750 89
354 709 40
354 610 21
354 552 12
354 589 95
355 374 31
355 893 56
355 394 48
356 697 65
356 404 29
357 696 89
357 441 52
358 801 85
358 819 7
358 795 41
358 690 50
359 673 96
359 976 56
359 992 54
359 627 33
360 751 17
360 402 14
360 858 84
360 381 20
361 779 50
361 517 25
361 785 92
361 774 84
362 992 89
362 681 83
363 628 27
363 447 2
363 513 63
363 413 46
363 467 27
363 731 88
363 923 90
363 675 27
364 377 19
364 386 1
365 991 22
366 774 19
366 776 37
366 520 97
367 728 88
367 435 44
367 718 63
367 814 84
367 978 72
368 937 95
368 464 8
369 845 74
369 655 11
369 402 72
369 758 59
370 704 55
370 586 54
370 566 57
371 928 15
371 731 44
371 548 55
371 551 30
372 566 67
373 743 41
373 562 38
373 826 45
373 458 61
373 855 89
373 386 95
374 420 67
374 719 11
374 422 68
375 412 32
375 794 34
375 731 28
376 603 94
376 595 9
376 506 10
376 902 60
376 502 29
377 560 92
377 963 2
378 791 87
378 994 13
378 920 38
378 937 90
378 995 42
379 901 78
379 694 85
379 541 92
379 672 48
379 859 49
379 591 34
380 698 61
380 604 22
380 789 48
380 813 82
380 696 55
380 515 84
381 779 7
381 905 100
381 566 39
381 782 67
381 795 46
381 557 42
381 501 14
381 735 60
382 539 74
382 836 42
382 483 90
383 900 54
383 913 40
383 982 25
383 400 75
383 544 13
384 404 48
384 424 75
385 762 9
386 886 38
386 527 80
387 447 43
387 970 41
388 736 76
389 420 43
389 575 70
390 478 17
390 473 49
390 606 99
390 924 81
390 694 48
390 903 6
391 405 81
391 598 76
391 416 63
391 425 30
392 520 66
392 998 25
392 474 6
392 467 33
392 914 99
393 629 66
393 451 27
393 882 78
393 793 35
393 811 65
393 924 8
394 924 68
394 499 50
394 614 36
395 890 52
395 525 99
395 792 42
396 664 3
396 970 11
396 907 11
396 777 36
397 937 42
397 600 69
397 555 48
397 717 70
398 964 9
398 977 75
398 481 59
398 996 26
399 819 38
399 416 2
399 508 13
399 864 52
399 903 74
399 919 93
400 868 58
400 438 88
400 696 99
401 624 68
401 690 69
401 895 48
401 529 72
402 640 63
402 665 19
402 784 39
402 712 70
403 712 38
403 565 37
403 914 30
403 483 7
404 759 87
404 862 41
404 491 76
405 895 23
405 797 39
405 906 15
405 648 89
405 837 90
406 965 2
406 787 13
406 651 90
406 758 29
407 481 82
407 966 67
407 905 16
408 775 63
408 541 66
409 800 84
409 449 65
409 787 85
409 612 96
410 470 1
410 656 29
411 568 43
411 614 94
411 907 23
411 621 45
412 966 93
413 774 7
413 514 63
413 568 72
413 778 46
414 615 83
414 820 35
414 744 90
414 571 34
414 809 38
415 975 52
415 852 68
415 992 41
415 478 71
416 960 73
416 800 89
416 900 7
416 465 19
416 891 50
417 429 20
417 799 35
417 823 99
417 938 28
418 600 10
418 562 17
419 918 13
419 700 66
419 694 46
419 894 84
420 585 7
420 995 51
420 621 67
420 766 16
420 940 94
421 988 66
421 849 42
421 667 91
422 487 34
422 713 73
422 818 52
422 650 62
423 519 34
423 978 75
423 476 38
423 850 30
424 517 92
424 829 24
424 730 70
424 955 41
424 860 69
424 745 96
424 872 23
425 935 88
425 504 4
425 816 82
425 975 79
425 476 37
425 585 15
426 567 20
427 756 99
427 477 86
427 827 72
427 658 48
427 822 85
428 618 88
429 595 70
429 762 74
429 657 1
429 783 58
429 577 59
429 581 12
430 701 7
430 961 10
430 688 8
430 689 56
431 675 41
431 787 20
431 871 94
431 901 32
431 449 68
431 832 50
432 840 15
432 642 21
432 991 61
433 573 75
433 797 36
433 665 72
433 847 87
435 578 80
436 555 19
437 807 24
437 888 29
437 852 30
437 705 39
438 539 81
438 515 66
439 815 97
439 542 80
439 455 9
440 484 45
440 809 28
440 841 52
440 806 38
440 546 29
441 990 31
441 814 100
441 809 88
441 890 13
442 851 7
442 557 100
442 490 34
442 858 88
443 994 48
443 972 14
443 470 38
443 604 81
444 996 28
444 953 7
444 777 6
445 460 98
445 916 56
445 674 24
446 531 79
446 628 62
446 459 69
446 637 66
447 708 22
447 574 30
448 874 35
448 637 9
449 598 75
449 916 58
449 819 69
450 752 88
450 884 12
451 622 59
451 575 7
452 766 24
453 595 65
453 498 43
453 996 28
453 897 85
454 913 71
454 552 67
455 756 87
456 681 96
456 824 54
456 494 27
457 668 5
457 695 60
457 632 72
457 660 37
458 889 100
458 528 11
458 504 9
458 787 59
458 841 38
459 707 43
459 724 80
459 974 20
460 686 64
460 888 87
460 738 76
460 517 57
461 804 85
461 774 24
461 788 87
462 848 40
462 971 96
462 617 41
462 780 52
462 549 29
463 932 90
463 892 87
463 849 7
463 848 90
464 685 26
465 921 49
465 609 66
465 938 77
465 494 33
466 646 30
466 502 100
466 794 59
467 513 86
467 573 51
467 529 13
467 470 65
468 901 17
468 507 96
468 510 33
469 484 1
469 620 70
469 855 81
469 991 37
469 743 70
469 556 30
470 522 77
471 809 59
471 873 79
472 800 98
473 597 27
473 550 43
473 569 32
474 507 24
475 975 44
475 578 2
475 601 70
475 876 15
475 957 3
475 526 40
475 930 52
476 549 22
476 736 29
477 672 79
477 631 32
477 876 48
477 785 62
478 554 33
478 862 64
478 672 83
478 751 53
480 830 48
480 578 71
480 539 39
480 933 44
481 856 59
481 735 63
482 971 38
482 659 81
483 831 96
483 540 56
483 851 97
484 864 99
485 710 17
485 541 55
486 825 27
486 977 81
486 536 20
487 969 77
488 693 88
488 687 80
488 716 64
490 821 60
490 860 32
490 864 47
490 849 85
491 923 79
491 896 21
491 711 60
491 528 87
491 551 6
491 718 74
492 818 21
492 662 49
492 867 60
493 945 33
493 889 42
494 827 40
494 752 50
495 503 17
495 507 6
495 710 81
496 623 40
496 523 89
496 675 16
497 733 85
497 549 58
497 603 93
497 901 49
498 815 99
498 861 32
498 747 74
499 878 17
499 733 54
500 576 66
500 788 71
500 900 65
500 578 54
500 667 75
501 887 56
501 814 59
501 733 26
502 802 22
502 668 12
503 557 35
504 545 2
504 735 38
504 844 56
504 547 49
505 810 21
505 894 80
506 570 13
506 864 39
506 534 81
507 941 69
507 532 71
509 536 91
509 896 29
509 797 14
509 678 72
509 607 75
510 903 97
510 887 3
510 866 50
511 657 1
511 948 79
511 953 66
512 848 69
512 890 72
513 974 13
513 614 10
513 622 46
513 753 63
513 961 92
513 807 78
515 971 30
515 772 73
516 936 27
516 925 58
516 845 59
516 977 95
516 600 32
517 527 99
517 968 63
517 761 74
519 874 25
519 701 34
520 994 82
520 816 100
520 666 61
521 545 85
521 887 85
521 803 60
521 969 33
522 711 100
522 881 71
522 744 98
524 754 32
524 643 43
525 926 44
525 638 43
525 977 4
525 543 34
525 907 40
526 748 16
526 559 97
527 737 12
527 764 82
527 891 43
528 965 56
528 606 31
529 883 31
529 571 94
530 749 89
530 981 9
530 901 96
530 769 35
531 944 50
531 976 94
531 969 70
531 801 65
532 533 19
532 777 73
532 592 75
533 780 69
533 872 49
533 585 84
534 975 94
534 541 34
535 968 77
536 749 10
536 836 81
536 917 35
537 708 59
537 562 59
537 742 4
537 822 60
537 644 3
538 828 15
538 804 84
538 778 54
539 860 71
539 875 31
539 689 80
539 601 19
539 727 89
539 595 41
540 652 10
540 929 44
541 544 53
542 689 60
542 980 30
542 650 43
542 607 85
543 749 17
543 689 3
543 841 72
543 587 41
543 985 17
544 833 24
544 637 18
544 794 26
544 671 11
545 716 43
545 825 60
545 681 8
546 584 23
546 641 53
546 643 87
546 814 41
546 723 83
546 883 76
547 656 50
547 553 56
548 879 64
548 657 39
548 906 51
548 740 63
549 869 32
550 716 52
550 914 23
552 608 33
553 652 44
553 996 44
555 849 3
555 882 17
556 915 55
556 666 4
558 566 65
558 656 18
558 724 37
559 562 82
559 689 35
560 898 72
561 795 6
561 890 53
562 955 6
563 642 73
563 706 82
564 715 81
564 732 22
564 737 60
564 915 55
564 734 9
564 896 26
564 813 96
564 791 26
566 946 7
566 672 100
567 610 72
567 937 99
567 688 45
567 899 77
567 592 6
567 652 44
567 706 29
567 908 35
568 747 88
568 740 88
568 585 34
569 857 15
569 837 50
569 607 18
570 626 99
570 972 54
570 893 79
570 593 18
571 783 11
572 699 92
572 660 15
572 670 59
572 958 99
572 780 90
572 793 55
573 762 83
574 988 38
574 881 93
575 870 24
576 880 25
576 867 83
576 864 50
576 772 33
576 763 23
576 716 53
576 642 51
577 659 41
578 584 19
578 960 95
580 639 82
580 680 13
580 614 98
580 806 39
581 625 28
581 863 47
582 865 60
582 860 3
582 905 89
582 731 41
582 921 89
583 976 25
583 748 24
584 837 27
584 705 73
584 873 57
584 862 44
585 876 95
585 867 64
585 935 42
586 904 31
586 687 57
586 778 99
586 856 30
586 982 12
586 822 27
587 713 81
588 876 70
588 635 76
588 710 93
589 849 68
589 851 58
589 885 90
590 792 63
591 661 36
591 724 77
591 784 53
592 924 90
592 661 67
592 883 33
592 650 86
593 657 86
593 793 51
596 824 34
596 691 57
597 764 1
597 767 69
598 911 50
598 676 76
598 627 92
598 995 52
599 722 89
599 604 20
599 636 91
599 952 23
600 636 97
600 949 92
600 879 87
601 638 80
601 821 8
602 824 23
602 639 65
603 617 97
604 925 26
605 812 44
605 934 45
605 937 12
606 825 55
606 903 12
606 912 60
607 930 38
607 695 82
609 695 25
610 916 77
610 849 67
610 988 40
611 778 74
611 966 46
611 960 60
611 938 34
611 772 41
612 638 78
612 973 9
612 900 10
613 648 79
613 685 10
613 632 91
614 704 63
615 708 53
615 733 93
615 944 56
616 850 62
616 911 43
617 673 7
618 724 100
618 768 28
618 672 50
619 984 56
620 708 90
621 777 18
621 921 4
621 630 54
622 997 95
622 740 94
622 693 88
622 783 72
622 848 69
624 783 47
625 828 54
625 643 89
626 766 64
626 634 67
626 790 95
627 897 11
627 723 16
627 701 9
630 753 97
630 662 35
630 874 1
630 704 92
631 907 96
632 822 36
632 938 14
633 660 25
634 682 71
634 700 99
634 985 66
634 646 15
635 835 52
635 686 29
635 747 17
636 933 12
637 986 30
637 700 91
637 753 97
638 834 49
638 879 39
639 708 15
639 985 41
639 882 44
639 808 43
640 958 4
641 722 85
642 1000 84
642 663 38
642 679 29
643 698 75
643 817 73
644 953 42
644 674 46
645 772 66
645 783 80
646 852 97
646 952 76
646 848 6
647 791 15
649 993 50
651 985 94
651 888 46
651 993 3
651 972 14
651 910 76
652 751 61
652 707 65
652 795 92
653 661 29
653 805 77
653 999 99
653 671 9
653 987 4
654 993 48
654 790 49
654 755 7
654 845 83
654 811 81
655 743 68
655 675 49
655 690 21
656 761 60
656 712 31
657 799 17
657 880 90
657 794 48
657 800 75
658 702 7
658 880 35
659 798 62
659 680 63
660 731 17
660 822 79
661 955 35
661 706 56
662 727 23
662 759 33
662 857 85
662 933 86
663 878 78
665 718 77
666 711 42
667 813 98
667 841 66
667 682 98
668 772 50
668 895 10
668 701 57
669 911 8
669 705 85
669 974 21
670 965 76
670 672 37
670 943 76
671 711 22
671 754 66
672 948 11
673 868 16
673 747 69
674 826 76
674 829 30
674 994 37
676 695 79
678 998 14
678 889 70
678 768 90
679 888 92
680 795 30
680 753 44
680 903 37
680 816 75
682 709 94
682 737 54
682 701 60
682 978 94
682 875 65
682 982 83
683 885 77
684 772 68
685 844 21
687 719 90
687 832 55
687 852 46
688 803 52
688 727 72
688 955 23
689 886 88
689 777 47
689 918 21
690 786 76
690 722 32
690 918 39
690 717 64
692 812 36
695 930 13
695 766 80
695 792 63
695 941 81
696 847 77
696 905 81
697 912 86
698 739 19
698 762 2
699 781 78
699 776 71
700 777 15
701 959 52
702 828 22
704 863 97
704 766 29
704 850 46
705 885 15
705 722 67
705 905 100
705 970 4
705 714 64
706 731 40
706 712 35
706 796 11
708 966 9
708 906 14
709 979 22
709 842 22
710 765 96
710 740 56
711 755 46
711 985 85
712 886 29
713 823 5
713 725 27
714 960 64
715 832 52
715 899 99
715 815 55
716 789 36
716 729 76
716 891 46
717 844 89
717 909 20
717 824 3
718 974 6
718 849 3
719 891 16
719 866 89
719 766 33
720 905 5
720 835 46
720 736 49
721 954 69
722 738 71
722 769 53
723 845 19
724 816 85
724 872 45
724 859 80
725 994 37
725 751 84
726 931 86
726 899 67
726 734 50
727 789 46
728 846 1
728 770 33
728 914 97
728 858 36
728 743 38
729 752 15
729 846 70
730 822 24
730 763 25
730 913 64
731 974 25
731 961 56
732 827 78
732 944 32
734 782 29
734 758 59
734 993 7
734 945 47
734 962 54
734 817 26
735 882 52
735 885 19
735 996 11
735 954 5
736 975 86
737 822 72
737 983 18
739 941 39
740 981 91
743 925 56
744 934 92
744 827 43
745 981 22
746 839 10
746 789 100
746 982 57
746 795 82
746 819 13
747 927 67
747 911 84
748 885 52
749 856 78
749 850 8
749 887 14
750 981 19
752 797 5
752 791 91
753 789 3
753 832 3
753 830 87
754 901 52
754 994 72
755 929 92
755 758 96
756 861 46
756 968 62
756 824 96
757 908 57
758 884 86
758 996 67
760 880 10
760 884 15
760 817 44
762 981 36
762 854 40
763 839 98
763 950 28
764 884 70
766 905 55
766 856 80
766 838 62
767 979 50
767 858 78
767 933 71
767 818 92
767 901 54
768 847 60
768 803 59
768 783 58
769 825 91
770 810 63
770 903 45
770 797 96
771 823 42
772 991 68
772 810 21
772 801 12
773 783 74
774 850 59
774 849 32
774 982 39
775 986 77
776 805 43
776 931 60
776 791 73
777 984 68
777 997 24
777 847 28
777 889 15
777 859 71
778 970 5
778 870 86
778 840 35
778 922 15
781 973 96
783 921 23
783 978 91
785 871 28
786 813 68
786 873 41
787 984 79
789 912 9
790 813 29
790 980 8
792 901 26
794 958 45
795 964 96
796 845 82
796 988 80
796 941 36
797 978 11
797 979 88
798 998 82
798 820 19
801 818 72
801 998 51
801 972 84
802 878 35
804 869 21
804 967 10
805 822 54
806 940 58
807 864 44
807 848 12
808 822 54
809 856 59
811 955 87
813 947 78
813 986 13
814 838 36
815 946 84
815 831 59
817 967 40
817 928 70
818 892 55
818 885 85
820 899 72
821 981 90
822 901 93
823 871 46
826 999 20
827 911 53
831 853 29
831 980 94
838 845 13
838 912 60
838 942 13
838 986 90
839 903 52
840 879 51
843 862 22
845 949 2
846 851 40
850 904 37
850 868 97
851 872 49
851 883 23
854 858 9
855 909 35
858 881 49
858 960 44
858 896 98
859 959 49
859 887 51
860 873 26
860 942 65
863 963 78
868 979 36
868 995 4
870 999 42
872 978 83
872 882 41
873 990 53
874 902 94
875 938 76
875 973 45
876 968 67
882 920 31
882 998 54
883 989 75
888 989 5
888 899 49
889 907 14
890 900 82
890 997 23
891 998 59
891 920 12
891 951 9
893 992 31
899 960 78
901 979 56
911 965 81
911 984 68
914 921 60
918 935 36
919 997 100
922 950 96
925 983 27
928 948 78
929 987 64
939 942 5
939 961 54
939 980 52
940 985 85
943 988 88
945 969 72
947 955 91
951 989 7
953 995 51
953 972 96
956 982 26
957 982 18
960 984 11
992 993 80
