1000 3000
1 5 62
1 650 20
1 704 27
1 243 43
1 674 53
1 722 4
2 449 92
2 357 66
2 453 79
2 622 87
3 774 15
3 176 29
3 738 32
3 900 38
3 171 39
3 653 18
4 646 91
4 787 8
4 525 18
4 352 44
4 826 1
4 124 34
4 882 59
4 354 49
5 309 72
5 288 52
5 261 98
5 75 61
5 438 44
5 656 81
5 61 42
5 601 90
5 13 17
6 909 70
6 19 55
6 994 77
6 162 100
6 434 37
6 872 80
6 82 91
6 344 3
7 297 52
7 854 5
7 187 10
7 320 55
7 831 37
8 890 8
8 120 4
8 658 34
8 255 53
8 891 20
8 781 88
9 823 90
9 932 79
9 351 99
9 205 11
9 861 28
10 278 85
10 395 58
10 476 56
10 933 55
10 418 50
10 578 12
10 238 74
11 18 33
11 877 49
11 835 1
11 678 43
11 466 75
11 930 16
12 254 18
12 760 13
12 162 30
13 438 69
13 265 49
13 705 5
13 720 75
13 909 18
13 410 86
14 170 100
14 317 4
14 775 57
14 439 5
14 281 12
14 224 46
14 880 10
15 720 4
15 350 51
15 242 8
15 55 5
15 610 32
15 888 67
15 515 38
15 885 72
16 780 29
16 274 6
16 738 45
16 552 23
16 515 92
16 110 11
16 551 35
16 748 29
16 213 67
16 495 67
17 234 20
17 453 98
17 315 67
17 285 32
17 823 66
17 220 89
17 363 10
17 431 35
18 880 79
18 415 72
18 48 27
18 844 38
18 87 25
18 378 18
19 400 56
19 401 82
19 959 7
19 105 25
19 926 66
20 932 28
20 802 17
20 707 95
20 526 57
20 75 74
20 993 19
20 921 10
20 373 62
20 401 24
21 352 80
21 136 83
21 816 12
21 681 69
21 492 96
21 551 62
21 734 79
21 510 23
22 302 38
22 714 55
22 971 22
22 371 28
22 683 75
22 317 70
23 634 32
23 975 98
23 743 73
23 308 36
23 125 16
23 873 66
23 514 24
23 653 23
23 654 86
23 570 22
24 472 96
24 576 31
24 97 44
24 896 50
24 310 18
24 66 73
25 924 93
25 727 45
25 319 26
25 467 19
25 28 77
25 812 39
25 818 13
25 879 87
25 559 45
25 834 60
26 35 14
26 829 61
27 213 30
27 938 8
27 773 45
27 236 52
27 942 36
27 625 46
27 470 11
27 922 30
27 966 93
28 976 52
28 626 71
28 810 79
28 188 71
28 533 93
28 508 97
28 389 94
28 762 75
29 995 73
29 690 47
29 572 32
29 984 50
30 104 29
30 70 89
30 124 20
31 654 33
31 87 5
31 745 76
31 126 76
32 918 99
32 610 49
32 78 70
32 401 94
33 747 87
33 528 66
33 756 60
33 356 44
33 656 66
33 187 36
33 65 69
33 357 52
33 916 86
34 616 27
34 952 34
34 106 65
34 112 73
34 965 44
35 552 40
35 857 50
35 430 25
35 174 9
35 498 45
36 596 8
36 527 100
36 166 59
36 846 54
36 301 66
36 597 20
37 930 61
37 677 32
37 401 4
37 89 37
37 235 32
37 935 76
37 888 15
37 231 48
38 339 3
38 646 13
38 224 25
38 319 46
38 770 71
38 131 17
38 255 56
38 928 54
38 692 55
38 150 70
39 94 19
39 540 25
39 65 42
40 44 13
40 374 86
40 354 91
40 465 31
41 313 39
41 49 40
41 238 89
41 866 18
41 404 8
41 504 39
42 217 4
42 387 73
42 223 46
43 375 60
43 603 2
43 262 78
43 903 27
43 184 93
43 443 11
43 488 30
44 872 57
44 533 42
44 155 64
44 560 17
44 331 8
45 346 94
45 211 47
45 604 72
45 108 90
45 597 78
45 781 31
45 591 43
45 175 34
45 555 50
46 61 70
46 183 25
46 637 44
46 533 97
46 817 93
47 544 86
47 842 93
47 501 92
47 248 57
47 332 23
47 946 75
48 534 29
48 608 35
48 723 67
48 912 49
49 54 57
50 719 98
50 203 34
50 916 41
50 133 33
50 728 69
51 432 87
51 439 97
51 453 48
51 308 37
51 611 29
52 715 22
52 885 77
52 440 48
52 411 29
52 504 4
52 421 15
53 321 5
53 974 49
53 929 31
54 831 58
54 953 45
54 634 4
54 683 45
54 563 22
54 158 6
55 944 78
55 564 29
55 196 31
55 614 53
55 295 59
56 113 34
56 401 100
56 859 7
56 472 23
56 386 57
56 839 33
56 135 56
57 89 12
57 749 48
57 642 64
57 969 45
57 944 89
57 972 26
57 455 79
57 401 1
57 376 14
58 506 41
58 228 31
58 81 92
58 673 95
58 636 99
58 838 48
58 421 65
59 392 99
59 636 15
59 996 76
59 494 61
59 394 69
59 276 82
59 289 77
59 369 61
59 671 81
60 591 9
60 350 69
60 208 13
60 583 37
60 986 27
60 933 25
60 465 88
61 438 99
61 401 13
61 541 35
61 889 76
61 168 22
61 432 57
61 598 42
61 396 93
62 749 56
62 655 34
62 483 42
62 375 11
62 816 51
62 210 96
63 333 99
63 513 82
63 650 92
63 75 91
63 981 2
64 394 82
64 678 48
64 661 77
64 84 37
64 964 81
65 396 76
65 281 84
66 136 39
66 495 43
66 948 59
66 714 62
67 92 59
67 87 58
68 101 30
68 165 49
68 406 58
68 121 1
68 97 18
69 816 4
69 195 87
69 553 8
69 255 48
69 522 6
69 362 41
70 797 62
70 916 38
70 265 38
70 277 3
70 579 98
71 601 71
71 994 88
71 556 56
71 142 75
71 480 33
71 240 93
71 320 88
72 721 55
72 588 62
72 519 49
72 854 41
72 973 90
72 476 77
72 435 21
73 618 86
73 87 65
73 525 62
73 492 63
73 671 94
73 917 90
74 290 19
74 354 95
74 684 90
74 808 22
75 341 90
75 821 96
75 139 60
75 328 71
76 201 77
76 343 75
76 236 80
76 945 79
76 274 88
76 378 11
76 611 27
76 878 30
76 324 80
77 837 96
77 361 81
77 159 26
77 429 100
77 713 94
77 144 100
77 90 77
77 424 87
78 917 61
78 936 86
78 150 70
78 558 90
78 946 54
79 117 24
79 87 26
79 520 66
79 528 12
79 322 37
80 773 98
80 870 11
80 943 87
80 770 96
80 278 40
80 140 8
81 88 69
81 282 26
81 590 49
82 432 45
82 771 84
82 713 7
82 85 13
82 285 1
83 399 28
83 688 84
83 229 71
83 778 82
83 153 83
83 275 89
83 954 10
83 277 97
84 348 87
84 812 97
84 783 43
84 851 48
84 693 40
84 567 77
84 109 70
85 98 83
85 676 10
85 228 72
85 205 77
85 216 8
85 996 75
85 730 34
86 184 37
86 946 68
86 483 40
86 745 17
86 985 31
86 470 48
86 861 46
87 743 100
87 625 58
87 783 37
88 728 82
88 307 18
88 462 69
88 765 61
89 167 25
89 554 94
89 573 22
89 964 72
90 748 52
90 861 7
90 164 57
91 883 20
91 820 61
91 413 17
92 363 42
92 884 39
92 547 74
93 156 4
93 516 35
93 533 21
93 440 93
93 192 7
93 809 5
93 881 14
94 515 48
94 400 89
94 866 92
94 337 74
94 167 2
94 277 64
94 662 4
95 979 7
95 883 75
95 139 13
95 559 99
95 523 5
96 256 28
96 726 41
96 751 43
96 989 31
96 422 13
97 807 47
97 990 8
97 167 76
97 546 3
97 183 66
97 841 73
98 111 64
98 607 44
99 796 49
99 245 53
99 215 1
99 752 36
99 372 88
99 698 81
100 695 26
100 651 54
100 367 56
100 882 91
101 954 17
101 112 20
101 515 80
101 733 25
102 259 3
102 150 11
102 432 90
102 903 89
102 690 77
103 125 12
103 142 83
103 512 85
103 969 59
104 142 58
104 497 61
104 508 29
104 165 17
104 285 39
104 307 26
105 508 91
105 708 48
105 109 37
105 206 60
106 246 92
106 663 63
106 381 15
106 901 8
106 127 18
106 994 67
106 140 12
106 455 66
107 746 10
107 841 8
107 456 63
107 173 23
107 806 29
108 525 36
108 320 76
108 628 83
108 161 76
109 793 49
109 752 87
109 669 86
109 838 90
110 383 40
110 854 70
110 906 49
110 122 59
112 858 46
112 468 10
112 201 97
112 659 24
112 796 42
112 746 51
112 118 12
112 428 28
112 514 16
112 903 86
113 144 52
113 641 74
113 799 70
113 168 51
113 342 81
113 674 86
113 290 89
114 857 20
114 337 16
114 858 95
114 235 45
115 990 26
115 358 1
115 815 21
115 257 40
116 383 88
116 495 20
116 463 57
116 286 68
116 791 72
116 196 69
116 267 57
117 486 34
117 321 1
117 829 97
118 573 52
118 860 28
118 780 91
118 221 89
118 139 86
118 514 57
118 843 2
118 140 96
118 654 89
118 917 90
119 231 10
119 766 81
119 909 76
119 514 87
120 693 92
120 564 94
120 216 12
120 441 22
120 353 32
120 863 76
120 637 78
120 413 92
121 814 73
121 771 40
121 275 50
121 372 24
122 477 66
122 463 20
122 996 15
123 577 92
123 503 45
123 440 65
123 675 14
123 141 70
124 155 23
124 753 39
124 205 7
124 411 64
124 718 23
124 520 94
125 738 72
125 133 51
125 720 82
125 727 9
125 823 65
126 868 65
126 677 52
126 999 84
126 516 37
126 533 15
126 414 29
126 530 91
127 398 28
127 238 88
127 314 49
127 163 60
127 216 79
127 157 35
127 437 93
127 721 24
128 855 51
128 828 3
128 737 15
128 393 11
128 835 91
128 993 95
128 218 13
128 859 20
128 355 66
129 212 22
129 282 46
129 421 44
129 874 56
129 154 81
129 976 30
130 291 27
130 185 27
130 145 27
130 615 32
130 654 47
131 385 50
131 873 72
131 359 23
132 952 6
132 609 82
132 804 68
132 212 14
133 209 64
133 230 36
133 745 59
133 961 75
133 151 89
133 819 64
133 439 17
134 541 34
134 193 37
134 436 94
134 615 73
134 351 43
134 424 7
134 904 96
135 175 35
135 379 24
135 309 92
135 949 55
135 467 95
135 637 8
136 229 88
136 485 82
136 288 14
136 610 92
137 682 32
137 226 99
137 630 37
137 715 6
138 572 58
138 756 13
138 766 13
138 393 93
138 699 13
139 655 42
139 696 13
139 233 58
139 659 46
139 154 26
139 872 48
139 606 73
140 798 44
140 807 41
140 413 84
140 436 38
141 611 68
141 639 85
141 949 65
142 562 75
142 935 46
142 161 28
142 402 4
142 503 96
142 965 42
143 462 53
143 571 92
143 911 4
143 573 75
143 603 53
143 756 33
143 639 69
143 794 28
143 551 58
143 457 50
144 660 68
144 812 99
144 898 78
144 765 95
145 299 89
145 421 22
145 481 51
145 384 10
145 387 83
145 923 58
146 312 46
146 869 49
146 288 24
146 883 73
146 801 25
146 164 94
147 196 63
147 490 71
147 896 1
147 978 25
147 162 2
147 738 68
147 627 61
147 234 75
148 662 100
148 205 98
148 972 98
148 451 55
148 600 41
148 416 94
148 635 6
148 470 51
148 982 51
148 459 72
149 334 92
149 530 100
149 426 65
149 380 32
150 459 59
150 480 15
150 357 8
150 354 22
151 363 63
151 775 68
151 784 53
152 681 98
152 343 45
152 474 48
153 698 27
153 395 36
153 675 33
153 243 42
154 691 90
154 608 67
154 511 93
154 552 45
154 369 69
155 692 27
155 586 13
155 305 83
155 335 51
156 576 47
156 879 87
156 433 64
157 486 26
157 628 60
157 840 5
157 180 93
157 497 25
157 487 21
158 565 6
158 775 59
158 307 8
158 848 34
158 642 61
158 195 7
158 393 89
159 734 51
159 489 42
159 234 1
159 197 99
159 473 46
160 680 77
160 858 36
160 248 80
161 617 5
161 620 77
161 707 43
161 580 11
161 640 70
161 362 7
162 994 99
162 403 33
162 891 31
162 847 13
163 779 28
163 568 39
163 540 58
163 603 83
163 222 69
163 474 77
163 628 95
163 987 14
163 997 15
164 663 41
164 357 49
164 479 93
164 891 31
164 868 82
164 710 89
165 470 53
165 527 29
165 489 96
166 373 89
166 243 23
166 884 7
166 328 46
166 213 37
166 278 64
166 798 17
166 555 49
166 874 41
166 687 40
167 701 92
167 772 35
167 168 59
167 294 42
167 928 47
167 338 27
168 789 11
168 430 15
168 297 25
168 422 16
168 815 17
169 622 13
169 378 71
169 779 39
169 322 20
169 329 60
170 598 18
170 233 76
170 724 1
170 191 56
170 805 26
170 922 24
170 974 28
171 511 78
171 441 69
171 431 21
171 203 29
171 951 44
171 329 63
171 343 43
171 243 94
171 257 60
172 558 34
172 852 39
172 890 52
172 555 72
172 875 24
172 546 26
173 941 44
173 850 40
173 355 43
173 827 1
173 181 34
173 511 68
174 452 24
174 857 48
174 743 5
174 632 4
174 693 88
174 888 78
174 853 80
174 759 57
174 861 37
175 228 7
175 676 14
175 324 59
175 218 82
175 997 75
176 683 82
176 714 51
176 885 51
176 510 15
176 761 99
176 830 9
176 539 8
176 618 93
177 701 57
177 860 99
177 407 15
177 556 65
178 889 1
178 425 30
178 695 62
178 672 22
178 775 59
178 493 19
179 809 14
179 530 6
179 738 44
180 711 93
180 296 86
180 372 3
180 985 70
180 249 50
180 403 61
180 497 68
181 825 60
181 197 49
181 640 74
181 722 30
181 550 34
181 183 10
181 913 63
181 390 14
182 741 55
182 455 28
182 743 50
182 267 47
182 884 19
182 965 9
182 627 92
182 417 73
183 303 26
183 637 29
183 964 5
183 367 54
183 757 47
184 492 41
184 410 67
184 642 75
184 963 79
184 307 10
184 421 26
184 247 90
184 557 31
184 525 48
185 311 42
185 567 40
185 984 15
185 408 54
185 824 68
186 964 30
186 624 96
186 739 40
186 511 2
186 644 46
187 877 87
187 923 90
187 910 72
187 366 23
187 249 21
188 608 32
188 640 56
188 964 95
188 604 8
189 465 41
189 322 42
189 430 37
189 659 78
190 629 91
190 866 77
190 222 16
190 476 64
190 722 89
190 662 60
190 227 55
190 372 26
191 403 80
191 936 25
191 820 68
191 957 13
191 700 74
191 756 30
192 665 6
192 919 84
192 568 13
192 679 71
192 454 48
192 592 65
193 839 56
193 621 77
193 881 90
193 492 80
193 281 86
193 333 5
194 252 45
194 590 47
194 706 85
194 878 77
194 923 32
194 504 44
195 704 3
195 636 10
195 823 28
195 841 57
195 358 32
195 417 20
195 501 10
195 378 20
196 595 90
196 936 53
196 870 51
197 675 83
197 249 44
197 470 71
197 458 44
197 515 51
197 826 67
197 508 84
198 344 49
198 223 63
198 208 81
198 793 15
198 849 38
198 885 47
199 429 26
199 441 69
199 979 99
200 626 24
200 230 23
200 456 26
201 318 26
201 327 40
201 540 80
201 831 35
201 584 19
201 558 17
202 661 80
202 809 4
202 548 46
202 380 32
202 241 94
203 933 32
203 290 60
203 847 20
203 364 20
203 349 60
204 980 99
204 598 25
205 978 72
205 225 47
205 501 89
205 557 89
206 878 76
206 964 27
206 297 57
206 253 79
206 552 13
206 676 78
207 406 92
207 838 50
208 390 14
208 920 60
208 406 13
208 395 70
208 906 64
208 494 80
208 917 44
209 893 49
209 624 73
209 810 3
209 818 50
210 799 43
210 925 37
210 601 15
210 266 90
210 256 8
211 444 18
211 335 44
211 273 77
211 965 42
211 834 58
211 791 17
211 407 28
212 255 76
212 592 33
212 531 16
212 799 61
212 379 5
212 727 87
212 319 13
212 283 82
213 752 82
213 874 55
213 984 9
213 799 12
214 942 100
214 276 77
214 317 88
214 311 30
214 915 23
214 686 16
214 528 46
214 799 82
214 647 22
215 946 20
215 428 100
215 737 94
215 640 54
216 859 72
216 992 13
216 684 51
216 736 45
217 690 89
217 396 91
217 790 77
217 676 22
217 721 50
217 238 15
217 642 82
217 817 8
218 534 20
218 798 90
218 840 12
218 377 14
219 254 46
219 585 8
219 436 89
219 241 27
219 305 5
219 485 42
219 739 52
220 905 62
220 914 6
220 253 22
220 321 10
220 273 49
221 895 4
221 237 25
221 483 4
221 579 14
221 303 97
222 772 65
222 994 91
222 785 64
222 400 81
222 701 11
223 569 6
223 346 81
223 689 26
224 618 68
224 477 33
224 475 71
224 322 99
224 294 45
224 878 3
224 644 12
225 873 29
225 297 62
226 748 85
226 536 94
226 553 32
227 261 90
227 304 91
227 759 49
227 379 92
228 238 42
228 593 98
228 943 27
229 948 38
229 492 92
229 867 80
229 851 29
230 576 7
230 875 35
230 328 87
230 527 87
230 544 65
231 348 12
231 721 26
231 987 42
232 559 27
232 352 11
232 349 57
232 267 8
232 250 9
233 340 88
233 812 83
233 824 53
233 557 24
234 404 62
234 590 78
234 357 95
234 454 42
234 256 7
235 391 40
235 587 79
235 435 43
235 599 47
235 289 44
236 466 54
236 715 29
236 832 82
236 786 24
236 967 44
236 898 35
237 412 3
237 240 24
237 821 69
237 747 62
237 879 17
237 463 50
238 849 32
238 595 43
238 969 3
238 848 78
238 854 18
238 613 11
238 785 59
238 716 91
238 634 30
239 421 57
239 727 86
239 702 29
241 900 24
241 653 72
241 321 17
241 503 24
242 628 57
242 658 89
242 392 23
242 893 3
242 876 94
242 599 16
243 882 51
243 648 87
243 516 62
243 748 41
243 803 91
243 321 80
244 357 10
244 945 87
244 304 24
245 485 68
245 860 84
245 607 18
245 703 92
246 424 84
246 524 52
246 632 50
246 385 16
247 325 69
247 845 81
247 615 57
248 911 15
248 738 23
248 415 39
249 469 72
249 548 71
249 857 28
249 256 50
250 645 56
250 966 28
250 965 97
250 561 42
250 806 32
251 698 98
251 515 74
251 745 30
252 503 10
252 325 48
252 880 94
252 765 56
253 387 14
253 457 31
253 961 38
253 376 68
253 609 1
254 997 46
254 552 58
255 330 73
255 362 55
255 338 25
255 328 10
256 340 37
256 930 93
256 810 87
256 472 62
256 903 10
257 287 83
257 787 86
257 781 48
258 275 67
258 584 69
258 392 83
258 548 61
259 594 89
259 575 84
259 577 9
259 581 78
260 348 68
260 474 41
260 374 29
260 314 37
260 497 42
261 522 99
261 757 41
261 432 2
261 880 17
261 890 72
261 374 78
262 605 94
262 961 73
262 970 69
262 819 99
262 680 87
262 408 62
262 861 32
263 556 62
263 419 30
263 282 54
264 690 20
264 949 72
264 882 28
264 921 21
264 328 31
265 515 36
265 904 38
265 601 30
265 609 32
265 786 47
266 578 71
266 468 23
266 448 26
266 586 5
266 374 72
266 997 77
266 452 94
267 759 57
267 616 6
267 338 75
268 369 50
268 935 56
268 306 95
268 761 13
268 869 21
269 808 33
269 452 85
269 443 97
269 974 14
269 325 23
270 866 3
270 315 29
270 848 17
270 373 51
270 601 95
271 926 12
271 920 78
271 300 36
271 635 28
271 742 80
271 525 70
272 680 86
272 284 2
273 784 25
273 629 43
273 548 33
274 891 69
275 408 81
275 919 49
275 537 15
275 759 81
275 511 84
275 676 53
275 304 100
275 614 66
275 914 83
275 327 43
276 798 76
276 886 30
276 710 89
277 756 19
277 626 85
277 512 50
277 448 86
277 464 18
277 857 56
277 678 34
278 435 3
278 349 65
278 538 8
278 869 15
279 729 55
279 551 70
279 864 66
279 994 59
279 671 95
280 496 33
280 782 46
280 658 51
280 717 56
281 422 3
281 501 52
281 549 74
282 402 25
283 668 53
283 763 2
283 940 49
283 864 90
284 318 11
284 848 28
284 624 32
285 450 73
285 726 3
285 685 77
285 717 43
285 730 90
286 581 27
286 533 14
286 706 76
286 878 76
286 484 83
286 932 89
287 515 42
287 962 28
287 503 30
287 723 8
287 375 39
288 925 85
288 352 7
289 463 72
289 460 61
289 440 93
289 839 50
289 353 2
290 460 56
290 336 9
290 383 54
290 831 3
291 983 51
291 907 51
291 429 21
292 459 61
292 351 78
293 381 50
293 311 92
293 465 98
294 702 81
294 817 97
294 606 50
295 863 69
295 481 44
295 884 100
295 393 45
296 313 38
296 816 3
297 423 8
297 430 75
297 615 76
297 523 87
297 760 10
297 614 3
298 415 66
298 357 17
298 483 43
298 865 75
298 951 95
298 889 18
299 822 78
299 791 72
299 418 76
300 697 66
300 435 26
300 600 46
300 987 86
300 885 42
300 732 1
300 614 20
301 835 95
301 647 16
301 715 49
301 545 31
301 611 24
301 813 31
301 664 83
301 323 54
302 374 84
302 431 63
302 719 74
302 384 60
302 864 19
303 880 88
303 528 66
304 685 42
304 567 72
304 840 25
304 800 27
305 463 47
305 537 99
305 416 56
306 316 63
306 673 32
306 741 34
307 538 52
307 631 9
308 590 98
308 318 93
308 812 96
308 538 71
309 347 30
309 750 74
309 833 87
309 956 31
309 489 56
309 752 98
310 471 17
310 637 30
310 853 24
310 359 64
310 621 87
310 390 69
310 770 58
310 651 47
310 898 75
311 762 78
311 510 42
312 542 75
312 729 74
312 947 51
314 672 80
314 867 26
314 577 72
315 965 44
315 750 7
315 635 32
315 468 40
315 777 59
316 979 76
316 709 11
316 345 10
316 900 80
316 380 1
316 342 25
316 698 9
317 889 78
317 480 56
317 952 45
317 660 9
318 366 66
318 955 17
318 690 15
318 420 29
318 650 58
318 948 9
319 569 58
319 767 80
319 684 30
319 685 12
319 321 43
319 535 71
319 614 37
319 361 76
320 956 93
320 998 31
320 490 57
320 375 90
321 652 8
321 360 24
321 608 25
321 396 42
321 508 5
321 889 46
321 963 74
321 965 28
321 814 51
321 869 54
322 644 24
322 420 19
323 391 44
323 663 76
323 960 28
324 772 93
324 615 23
324 968 94
325 785 2
326 529 88
326 890 16
326 388 69
327 384 19
327 799 81
327 838 1
327 892 81
327 941 71
328 621 85
328 514 3
329 991 92
329 553 2
329 376 73
329 543 88
330 751 63
330 334 81
330 901 47
330 972 39
330 526 2
331 606 25
331 454 10
331 1000 44
331 851 89
332 998 69
332 776 86
332 477 29
332 893 5
333 905 39
333 718 63
333 558 53
334 489 88
334 417 23
337 649 23
337 643 38
337 469 49
337 730 96
337 522 58
337 558 100
337 688 81
337 922 52
337 504 55
338 793 9
338 349 91
338 797 8
338 503 36
339 607 49
339 418 94
339 372 59
339 457 17
339 750 57
339 559 93
339 428 92
340 498 4
340 784 92
340 573 48
340 742 57
340 457 98
341 474 88
341 415 34
341 759 67
341 765 55
341 764 51
341 345 90
342 499 48
342 957 99
342 908 91
342 744 68
343 849 44
343 520 2
343 631 54
344 405 39
344 710 43
344 890 64
344 674 70
344 634 1
345 743 88
345 423 74
345 460 44
346 419 3
346 830 2
346 557 22
346 809 90
346 571 93
347 484 50
347 790 58
347 409 76
347 425 8
347 966 84
347 856 11
347 417 69
347 413 72
348 349 59
348 531 50
349 712 42
349 664 47
349 820 38
349 771 46
349 958 61
349 635 40
350 429 57
351 769 42
351 638 16
351 841 23
351 859 60
352 880 10
352 849 21
352 405 31
353 957 21
353 653 28
353 661 93
354 758 79
354 951 5
355 567 13
355 836 98
355 497 92
355 882 81
356 832 80
356 507 41
356 368 9
356 657 87
356 613 20
356 438 19
357 611 66
357 952 14
357 494 93
358 848 60
358 716 52
358 785 16
358 454 46
359 633 6
359 849 9
359 726 7
360 629 98
361 657 87
361 709 39
362 936 89
362 910 58
362 846 22
363 651 1
363 731 52
363 711 69
364 726 59
364 937 6
364 632 78
364 747 46
365 519 89
365 847 66
365 437 66
365 901 26
366 539 46
366 827 76
367 794 8
367 606 92
367 871 77
368 666 41
368 755 28
368 833 52
368 713 64
369 442 28
369 501 89
369 521 75
370 414 11
370 838 76
370 586 99
370 744 54
371 383 85
371 384 93
372 563 66
372 546 99
372 709 53
373 979 3
373 419 87
373 717 58
373 835 73
373 420 75
374 759 64
375 609 86
375 952 26
375 678 63
375 429 46
375 914 55
376 410 87
376 940 74
376 787 57
376 773 35
377 921 37
377 918 9
377 941 55
378 647 81
378 469 13
378 615 77
379 415 86
379 403 11
379 833 39
380 874 49
380 513 62
381 695 4
381 926 97
381 942 90
381 826 36
382 994 1
382 999 39
382 820 87
383 490 23
383 516 100
383 654 89
383 561 75
383 538 18
385 898 41
385 422 58
385 657 51
385 630 53
386 958 90
386 798 76
386 759 4
387 646 63
388 618 82
388 519 63
389 479 26
389 724 60
389 911 57
389 774 25
389 680 11
390 718 93
390 457 15
390 668 31
390 568 95
390 657 91
390 979 56
391 710 76
391 794 24
391 921 5
391 598 43
392 744 62
392 884 91
392 425 69
393 806 27
393 768 72
393 539 34
393 576 57
394 839 97
394 844 84
394 620 11
394 782 33
394 477 21
395 659 82
395 808 62
395 459 37
396 602 51
396 589 46
396 485 99
397 912 15
397 854 36
397 970 28
397 635 82
398 779 47
398 558 37
399 665 96
399 638 96
399 602 90
400 856 7
400 788 2
401 706 22
401 916 67
401 603 14
401 572 91
402 405 81
402 820 76
402 729 43
402 731 89
403 478 39
403 733 40
403 608 62
403 606 98
403 408 4
403 840 23
403 723 79
404 709 66
405 668 23
405 928 83
405 766 23
406 431 56
406 579 66
407 754 43
407 975 23
407 862 23
407 880 63
407 620 65
408 710 19
408 683 52
408 968 88
409 482 8
409 784 87
409 446 61
410 531 78
410 703 58
411 637 95
411 764 64
411 972 79
411 484 54
412 540 76
412 554 10
412 833 52
412 443 9
413 869 70
413 657 9
413 560 46
413 423 48
414 660 37
414 418 42
414 868 2
414 884 36
415 945 65
416 528 38
416 739 86
416 787 73
416 928 11
416 1000 52
416 955 67
417 763 51
417 672 55
417 890 9
417 754 48
417 702 39
417 691 66
418 996 12
418 549 98
419 563 17
419 440 27
420 785 8
420 544 1
420 870 34
421 762 43
421 772 4
421 532 77
421 622 58
422 969 79
422 757 56
422 962 93
423 777 67
424 682 69
424 992 11
425 915 15
425 721 41
425 720 6
425 485 72
425 516 47
425 846 58
426 669 62
426 829 56
426 938 65
426 438 87
426 909 95
426 804 27
427 671 73
427 755 55
427 897 94
427 444 79
427 632 94
427 544 32
428 647 71
428 893 46
428 975 87
428 525 30
429 814 58
429 515 22
430 678 35
431 570 64
431 620 17
431 695 75
431 622 78
431 436 13
431 694 66
432 612 12
432 873 20
432 503 100
432 834 64
432 498 74
433 451 9
434 880 65
434 632 63
434 998 53
435 513 80
435 921 29
435 618 79
435 456 68
436 891 47
436 621 96
437 826 67
437 545 59
437 786 57
439 724 46
439 955 85
439 727 13
439 722 79
439 728 49
439 679 60
440 874 44
440 993 80
440 641 64
440 833 47
441 735 30
442 923 63
442 843 12
442 473 23
442 613 14
443 844 31
443 755 98
443 554 52
443 827 14
444 863 11
444 965 39
444 492 34
444 746 99
444 627 94
445 787 94
445 963 89
446 780 48
446 927 3
447 464 74
447 764 21
447 533 32
447 831 51
448 902 6
448 532 100
448 871 85
448 898 15
449 792 87
449 957 33
450 961 6
450 746 98
451 657 76
451 699 61
451 997 73
451 788 24
451 948 36
452 981 76
452 680 10
452 638 92
452 616 15
453 783 59
453 560 12
453 518 99
453 487 94
454 768 5
454 856 99
455 800 21
456 641 13
456 907 72
456 505 74
456 913 31
457 851 72
457 517 40
457 781 5
458 462 25
458 468 9
458 961 33
458 917 62
458 564 61
459 975 95
459 707 37
459 497 94
460 969 84
460 886 48
460 545 16
461 803 98
461 740 59
462 706 8
462 474 10
463 836 55
463 969 87
464 586 34
464 743 72
464 817 52
464 847 36
464 734 37
464 708 21
465 473 93
466 653 42
466 720 19
466 585 6
467 579 5
467 963 97
467 476 6
468 597 52
468 680 51
468 691 98
469 504 36
469 563 29
469 505 84
469 647 97
469 492 47
471 999 7
471 580 50
471 638 51
472 983 3
472 985 42
473 509 59
473 827 100
473 511 75
474 938 14
474 637 72
474 695 62
474 566 86
475 676 6
475 968 72
475 624 21
475 695 54
476 750 58
476 483 85
476 565 45
477 819 98
477 860 90
477 886 54
477 899 16
478 788 49
478 680 61
478 958 23
479 664 35
479 508 8
479 982 98
479 726 12
479 712 87
479 995 53
479 519 86
480 705 37
480 685 8
480 915 10
480 771 9
480 857 60
481 602 57
481 981 16
481 604 99
482 776 18
482 997 55
483 954 20
483 923 20
483 829 32
484 931 90
484 762 29
484 714 61
484 591 13
485 536 7
485 682 54
485 771 67
485 903 8
486 627 48
486 696 16
487 790 69
488 951 74
488 777 88
488 889 94
488 814 55
488 760 75
490 831 28
490 575 81
491 521 56
491 951 51
491 796 79
492 708 80
492 928 36
493 714 7
493 790 93
493 562 59
494 631 95
494 548 51
494 859 90
494 769 18
494 934 81
494 731 56
494 574 73
494 510 66
495 933 96
495 833 23
496 860 62
496 960 82
496 890 26
497 610 29
497 768 92
498 535 21
498 560 82
499 603 21
499 868 12
499 778 33
500 943 85
500 711 49
500 785 73
500 735 83
501 698 40
501 634 21
502 824 65
502 884 3
502 696 38
502 998 24
503 909 82
503 803 76
504 550 18
504 832 67
504 907 16
504 752 22
505 585 2
505 542 25
505 879 63
505 521 17
505 669 36
506 698 55
507 947 81
507 864 56
508 564 34
508 530 11
508 651 16
508 551 99
509 791 3
509 596 95
510 624 36
510 838 9
511 964 62
512 886 39
512 829 94
512 750 66
513 956 27
513 817 41
513 668 93
514 996 61
514 784 45
514 792 41
514 587 92
514 812 83
515 896 46
515 632 27
516 887 89
516 770 78
516 956 54
516 979 33
517 788 40
517 913 26
517 636 83
518 843 60
518 815 52
518 836 35
519 608 33
520 939 8
520 782 73
520 852 4
520 755 11
521 916 82
521 972 36
521 808 5
521 759 8
523 872 97
524 677 44
525 875 53
525 868 77
525 823 84
525 533 55
525 863 41
526 951 82
526 683 88
527 904 20
527 775 73
527 734 53
528 959 27
528 586 40
528 845 17
530 808 39
531 572 84
531 537 53
531 812 45
531 543 33
532 618 35
532 629 92
532 596 64
533 965 51
533 543 17
534 903 35
534 944 69
534 651 85
534 964 62
535 956 41
535 581 70
536 899 81
537 921 8
537 805 84
538 725 51
538 949 34
538 873 83
538 628 27
539 622 58
539 640 3
539 555 83
539 877 97
540 655 43
540 937 67
542 560 19
542 889 38
542 959 21
542 585 26
543 967 96
543 1000 77
543 739 52
543 702 39
544 959 45
544 627 13
545 894 6
545 605 68
545 973 6
545 877 6
546 738 37
546 830 84
547 866 71
547 914 8
547 651 89
547 879 83
547 614 49
548 653 1
548 682 44
548 910 61
549 923 87
549 921 51
549 711 27
550 551 55
550 868 66
550 816 27
551 996 15
551 1000 89
552 994 70
553 612 27
553 867 79
553 643 13
554 646 77
554 929 10
555 871 12
555 698 21
555 777 35
556 649 15
556 580 35
556 823 41
556 590 37
556 807 4
557 944 99
557 813 62
558 587 87
558 914 74
558 721 40
559 998 15
559 917 27
559 804 64
559 767 44
559 901 3
560 929 25
560 980 71
561 960 44
561 754 30
561 844 43
561 670 56
562 910 92
562 648 77
564 571 14
566 841 70
566 783 63
566 577 90
567 613 29
567 886 25
567 973 35
567 720 23
567 651 24
567 784 25
568 721 22
568 793 86
568 935 8
568 686 85
568 809 97
569 719 81
569 731 63
569 858 7
570 838 82
570 662 52
570 847 22
571 861 82
571 900 77
571 760 48
571 623 32
571 931 10
572 835 14
573 894 37
573 744 11
573 595 54
574 600 59
574 959 69
575 645 58
575 991 77
576 790 63
576 599 72
577 877 43
578 797 71
578 647 80
580 864 60
580 604 1
580 709 8
581 915 33
581 803 98
582 868 72
582 756 67
582 860 9
582 734 98
582 903 9
583 796 55
583 727 15
584 686 18
584 636 27
584 912 98
584 920 31
585 630 33
585 599 96
585 847 83
586 635 52
587 659 10
588 842 27
588 658 68
588 778 57
588 921 78
588 615 2
589 844 69
589 907 55
589 765 89
590 908 19
592 807 78
592 606 46
592 936 24
592 757 15
592 849 19
593 687 36
593 895 99
597 806 4
598 846 3
598 607 4
599 930 94
599 761 87
600 993 41
600 647 27
602 973 52
602 813 52
603 808 26
603 882 38
604 635 19
604 714 79
605 731 43
606 634 59
606 880 6
607 737 31
607 622 87
608 691 45
608 985 57
609 949 36
609 779 12
610 801 94
611 722 99
611 820 20
612 753 40
612 833 89
613 636 46
613 935 20
614 690 16
614 982 64
614 935 65
614 814 49
616 723 20
616 703 18
616 624 42
618 853 53
618 854 90
618 753 80
619 976 45
619 669 76
620 631 52
621 833 4
621 849 19
622 753 5
622 747 57
623 838 11
623 777 3
623 752 68
623 856 64
623 997 58
625 782 19
625 868 76
625 917 8
625 829 77
625 634 5
626 802 71
626 984 6
626 971 32
626 803 41
626 994 67
627 777 21
629 910 9
629 635 77
629 673 15
630 888 40
631 693 30
633 770 79
633 981 31
634 732 64
634 830 47
634 868 24
635 923 40
635 952 58
635 736 27
636 674 91
636 710 65
636 900 28
637 892 4
637 810 48
637 804 70
637 820 8
638 702 66
638 957 14
639 914 75
640 871 29
640 748 3
641 701 78
641 908 36
641 796 39
642 745 74
642 828 69
642 687 85
643 901 35
643 742 19
643 776 50
644 766 1
645 962 37
645 923 52
645 958 11
646 829 64
646 685 61
647 698 67
647 710 39
647 717 38
648 824 6
650 862 85
650 899 79
650 907 48
650 928 33
650 677 34
651 733 45
651 663 94
652 761 56
653 978 25
653 811 62
653 761 59
654 977 55
654 920 37
654 681 32
656 786 44
656 797 62
656 951 64
656 727 15
658 890 100
658 679 72
659 703 48
659 789 1
659 763 47
659 778 58
659 922 80
659 750 86
659 728 24
660 929 31
663 944 90
663 801 94
664 919 39
664 844 90
665 778 63
666 818 80
666 959 44
667 832 80
667 845 74
667 710 84
667 920 15
667 850 8
667 865 78
668 843 100
668 913 12
668 833 41
668 688 59
669 767 36
669 845 8
670 828 9
671 922 43
671 913 18
671 771 96
672 906 14
672 796 55
673 790 8
674 872 34
677 832 71
677 881 60
677 831 47
678 980 76
678 916 45
679 871 38
679 823 5
679 991 35
680 972 37
680 916 44
680 724 68
681 714 90
682 865 55
682 755 64
683 700 85
684 814 71
684 931 2
685 811 67
685 956 99
686 928 49
686 714 46
686 800 19
687 953 43
688 795 67
688 732 32
688 902 40
689 793 9
689 947 90
689 901 34
690 760 80
691 951 52
692 911 2
692 983 98
692 779 49
692 925 27
693 724 11
694 899 50
694 867 21
695 849 94
695 748 13
696 716 6
696 708 37
696 880 76
696 703 51
696 983 45
697 989 56
697 851 16
698 937 11
698 808 48
699 916 36
699 966 75
699 946 62
700 997 92
700 927 14
700 890 74
700 858 79
700 905 28
700 914 40
700 750 36
702 742 68
702 915 78
703 803 19
703 771 45
704 974 81
705 724 87
706 897 55
706 718 78
706 991 8
707 771 78
709 884 23
709 977 63
711 831 54
711 933 25
711 819 66
712 901 46
712 883 60
713 744 28
713 728 87
713 853 53
714 789 99
714 752 42
715 817 12
715 743 88
717 833 80
717 843 49
717 761 82
717 718 65
718 821 61
718 879 40
719 937 69
720 845 83
720 817 45
721 809 20
721 880 94
721 939 1
722 734 83
723 762 10
723 859 64
724 987 86
724 788 92
724 935 55
725 898 22
725 930 33
725 855 68
726 968 8
726 866 7
727 787 56
728 836 19
728 905 82
728 939 29
730 992 55
730 744 6
730 779 54
730 949 52
731 937 58
732 958 28
733 986 16
733 820 32
733 897 61
734 902 99
735 979 100
736 919 75
737 898 49
737 834 30
739 813 70
740 781 74
740 906 69
742 897 22
743 792 82
744 970 6
744 752 2
745 865 88
745 979 74
748 781 54
749 992 22
750 766 76
754 981 87
755 927 13
755 898 81
755 974 42
757 934 36
757 760 62
757 946 87
757 809 11
758 919 76
758 847 59
759 975 34
760 783 14
760 792 8
761 935 52
761 970 82
762 888 96
763 938 75
764 851 17
764 866 58
764 777 78
765 865 64
765 927 17
765 869 28
766 994 8
767 892 72
769 812 91
770 939 51
770 784 81
771 925 93
772 840 4
772 948 97
773 855 6
773 927 43
773 982 76
773 959 65
773 968 10
774 844 23
774 829 61
774 898 30
775 961 90
776 922 10
777 785 93
779 970 92
779 850 63
780 926 2
782 992 19
784 815 61
784 786 29
785 867 92
785 942 36
786 840 18
787 856 78
788 901 47
789 879 9
791 901 84
791 843 28
792 951 88
792 995 71
794 863 91
795 980 28
795 866 74
797 845 18
797 903 12
797 832 71
799 815 95
800 929 10
801 971 45
802 952 76
804 820 29
805 950 38
805 896 34
808 898 3
809 938 92
810 963 55
810 885 49
811 935 87
814 846 41
817 891 12
818 945 32
820 831 80
822 975 6
822 946 1
823 873 36
825 830 66
826 835 1
827 849 54
828 925 94
830 991 22
830 840 92
833 867 69
834 911 52
834 963 10
834 894 45
838 839 3
840 903 98
841 909 62
841 962 87
842 894 27
844 910 3
844 968 80
848 951 12
848 958 71
849 919 70
850 899 55
850 940 32
851 992 2
852 915 43
854 942 92
856 865 73
856 946 51
864 931 33
866 908 3
867 876 49
867 883 97
868 876 23
869 971 52
870 944 84
870 920 28
870 901 90
873 918 86
875 992 24
875 967 90
876 906 52
876 943 86
877 898 35
879 931 74
880 899 85
881 903 92
883 908 44
883 924 45
885 916 39
885 913 29
886 946 10
887 955 48
888 974 56
889 927 45
890 945 31
891 892 80
892 926 64
897 938 45
898 943 36
898 949 65
899 956 70
900 937 11
901 906 81
903 981 96
903 1000 11
905 940 66
905 985 70
905 920 4
909 966 72
911 986 91
912 954 63
913 999 23
914 943 8
914 920 17
918 964 30
921 988 24
923 962 85
924 949 62
927 977 32
930 945 15
930 975 77
930 967 30
931 986 48
935 984 55
936 981 23
937 977 75
940 1000 57
941 963 61
943 996 4
949 960 94
950 953 90
952 957 21
959 966 28
961 999 86
973 988 30
981 986 14
982 1000 38
985 1000 73
