1000 3000
1 904 52
1 267 87
1 45 10
1 507 97
2 570 43
2 481 48
2 826 71
2 956 10
3 752 47
3 107 14
3 167 19
3 743 17
3 699 4
3 420 84
4 440 11
4 275 2
4 238 67
4 470 8
4 579 26
5 314 5
5 808 25
5 643 59
5 942 31
5 914 97
6 65 82
6 556 30
6 25 62
6 974 10
6 992 33
6 801 17
6 137 71
6 579 37
6 154 79
7 826 34
7 234 10
7 236 85
7 707 31
7 631 2
7 993 55
7 902 56
7 480 7
8 742 84
8 700 47
8 952 74
8 733 51
8 679 84
8 140 17
8 702 43
9 444 39
9 209 46
9 621 86
9 609 94
9 570 7
9 664 20
9 888 56
9 87 59
9 535 17
9 220 69
10 426 81
10 837 79
10 246 8
10 560 23
10 736 55
10 14 62
10 306 91
10 227 28
11 92 51
11 358 52
11 105 84
11 940 26
12 45 13
12 280 30
12 196 62
12 33 99
13 777 91
13 647 32
13 510 49
13 319 43
13 621 41
14 976 81
14 731 56
14 789 57
14 666 87
14 995 6
14 157 88
14 748 5
14 138 32
14 857 28
15 948 13
15 528 89
15 240 56
16 108 19
16 714 66
16 860 87
16 73 41
17 561 41
17 245 9
17 129 18
17 344 72
17 143 46
17 868 6
17 427 50
17 290 39
17 177 78
18 224 40
18 637 37
18 413 82
18 594 85
19 216 34
19 583 15
19 252 89
20 711 57
20 304 30
20 230 94
20 860 97
20 32 82
21 792 41
21 152 24
21 922 52
21 200 3
21 956 31
21 464 15
21 39 29
22 604 87
22 189 42
22 989 54
22 309 93
22 786 27
23 659 36
23 529 75
23 462 94
23 974 96
23 880 53
24 278 53
24 134 25
24 416 6
24 477 30
25 202 41
25 702 87
25 201 30
25 71 73
26 853 88
26 144 100
26 783 100
26 754 64
26 852 97
26 982 66
27 413 80
27 67 96
27 303 91
27 976 31
27 236 19
28 817 97
28 35 29
28 594 7
28 406 59
28 109 70
29 765 9
29 398 87
29 472 47
29 404 15
30 503 8
30 372 37
30 288 41
30 614 71
31 164 55
31 451 22
31 926 83
31 168 98
31 406 62
32 104 79
32 93 24
32 73 67
32 618 96
32 228 84
32 911 71
32 692 43
33 274 49
33 92 4
33 184 58
33 313 98
33 393 23
33 424 99
34 260 42
34 175 99
34 701 2
34 904 31
34 694 42
34 68 86
35 892 82
35 924 74
35 932 55
35 988 93
35 293 37
36 928 39
36 41 38
36 244 5
36 661 96
36 959 53
36 376 94
36 942 91
36 826 47
37 569 60
37 267 62
37 768 84
37 571 2
37 965 22
37 324 4
37 877 50
37 188 32
38 783 1
38 430 22
38 938 48
38 360 2
38 296 31
39 600 100
39 290 33
39 185 12
39 710 88
39 751 96
39 894 13
40 90 57
40 887 82
40 713 92
40 433 96
40 544 89
40 562 93
40 781 77
41 816 41
41 292 46
41 558 37
41 414 23
41 582 91
41 747 49
41 206 38
42 958 49
42 78 78
42 824 20
43 551 6
43 597 14
43 51 34
43 627 28
43 900 97
43 86 24
44 924 20
44 742 63
44 584 64
44 635 12
44 244 11
45 139 52
45 314 76
45 410 35
45 851 71
46 776 97
46 232 98
46 903 96
46 588 13
46 160 59
46 746 50
46 270 96
47 274 46
47 627 40
47 165 33
47 643 25
48 495 42
48 466 4
48 148 31
48 823 82
48 169 39
48 198 64
48 969 90
48 342 93
48 516 15
49 574 15
49 392 71
49 176 28
49 117 60
49 212 53
49 760 12
50 74 79
50 550 30
50 111 63
50 923 63
50 238 8
50 86 34
51 814 51
51 149 61
51 421 38
51 116 83
52 771 16
52 807 35
52 180 70
52 225 48
52 314 61
52 251 37
52 406 77
52 668 60
52 370 28
53 573 89
53 618 22
53 409 99
53 966 30
53 132 65
53 536 19
54 922 85
54 141 9
54 63 26
54 392 43
54 572 85
55 981 27
55 209 91
55 100 80
55 958 6
55 482 35
55 531 90
56 532 67
56 195 51
57 291 75
57 145 10
57 186 65
57 250 91
57 945 3
58 926 33
58 866 8
58 341 39
58 975 78
59 846 50
59 600 71
59 137 97
59 515 95
59 192 61
59 131 48
59 105 29
60 799 16
60 490 72
60 803 7
60 277 32
60 120 33
61 566 40
61 994 82
61 67 20
61 62 61
61 675 31
61 278 61
61 483 78
61 451 40
62 850 31
62 847 58
62 560 85
62 236 30
62 609 48
62 564 94
62 88 44
62 262 80
62 547 7
63 400 25
63 912 38
63 796 62
63 822 45
63 700 11
63 879 32
64 203 1
65 893 24
65 357 77
65 963 87
65 720 37
65 225 74
65 639 58
65 790 14
65 906 24
65 625 47
65 517 39
66 476 100
66 407 94
66 952 65
66 404 60
67 794 7
67 805 3
67 297 27
67 982 10
67 349 41
68 402 88
68 490 63
68 345 25
68 931 62
68 545 77
69 182 31
69 693 56
69 230 7
69 139 3
69 321 98
69 451 64
69 701 42
69 969 52
69 428 23
70 550 14
70 301 33
70 667 63
70 350 18
70 218 44
70 357 28
70 841 75
71 184 3
71 267 46
71 144 95
72 191 40
72 973 58
72 886 81
72 275 17
72 239 70
72 111 64
72 626 53
72 100 2
72 763 90
72 709 72
73 741 60
73 338 26
74 829 87
74 682 100
74 599 71
74 251 78
74 103 24
75 461 63
75 624 15
75 283 72
75 833 81
75 784 49
75 493 76
75 621 3
75 86 41
76 795 71
76 402 52
76 334 64
76 259 91
76 667 76
76 118 54
77 963 63
77 904 86
77 80 81
78 418 77
79 365 43
79 750 85
79 765 80
80 411 31
80 814 33
80 923 22
80 745 78
80 474 69
80 536 23
81 962 45
81 533 91
81 222 52
81 753 20
81 499 81
81 247 90
81 155 86
81 604 19
82 932 81
82 550 5
82 731 71
83 712 89
83 708 51
83 948 38
84 827 33
84 744 25
84 94 73
84 708 40
84 907 77
84 610 18
84 216 77
84 493 42
84 805 32
85 951 43
85 855 6
85 672 84
85 324 39
85 632 94
86 691 53
86 897 25
86 993 18
86 546 59
86 550 17
86 552 35
87 221 85
87 967 8
88 953 9
88 601 72
88 641 32
88 651 53
88 455 41
88 447 72
88 848 43
88 367 24
88 175 92
89 810 17
89 165 8
89 610 54
89 221 100
89 969 79
89 179 72
90 407 11
90 689 31
90 368 74
90 310 40
90 725 83
90 125 77
90 969 13
91 236 43
91 262 84
91 657 64
91 999 87
92 781 62
92 617 20
93 907 11
93 277 19
93 365 76
93 784 89
93 877 96
93 428 15
94 418 30
94 458 7
95 989 43
95 977 89
95 940 77
96 609 58
96 883 96
96 711 8
96 165 30
96 331 58
96 618 18
96 169 61
96 643 80
97 173 22
97 383 11
97 853 72
97 371 15
97 796 69
97 554 47
98 435 12
98 552 7
98 220 7
98 634 89
99 845 31
99 613 2
99 980 71
99 653 76
100 890 38
100 956 32
100 458 7
100 660 40
100 849 61
100 571 57
100 834 62
101 599 80
101 190 48
101 115 42
101 517 48
101 825 71
101 102 81
101 885 84
102 488 11
102 772 36
102 572 72
102 874 92
102 738 14
102 551 43
102 893 10
102 999 76
102 859 27
103 911 65
103 427 65
103 553 92
103 613 53
103 278 66
104 779 38
104 489 28
105 418 3
105 194 45
105 968 34
105 678 41
105 746 78
105 868 81
106 650 66
106 467 6
107 451 21
107 174 75
107 483 90
107 324 43
107 872 99
107 788 59
107 752 63
108 234 57
108 149 99
108 642 1
108 754 64
109 687 54
109 904 1
109 461 74
109 312 64
109 410 37
109 207 78
110 421 83
110 638 39
110 370 68
110 550 54
110 455 5
110 448 91
110 961 22
110 122 51
111 944 75
111 161 5
111 523 23
111 177 33
111 936 88
111 374 78
111 845 54
111 459 84
112 416 45
113 873 64
113 913 5
113 787 70
114 951 46
114 617 36
114 465 81
114 195 33
115 254 87
115 669 55
115 937 78
115 856 7
115 731 99
115 697 47
115 845 72
115 380 66
116 425 97
116 946 74
116 825 99
116 947 72
116 583 39
116 548 45
116 274 47
116 502 57
117 464 69
117 289 72
117 241 19
117 822 5
117 348 26
117 125 99
117 226 27
117 907 79
118 208 96
118 663 64
118 956 85
118 340 59
119 374 82
119 545 32
119 910 62
120 482 78
120 406 73
120 483 94
120 421 68
120 340 68
120 675 16
120 835 88
120 830 6
120 635 17
120 680 64
121 998 34
121 780 39
121 128 64
121 665 37
122 757 56
122 142 15
122 284 23
122 992 88
122 455 78
123 399 5
123 468 20
123 262 100
123 379 46
123 228 3
123 369 83
123 292 51
124 608 52
124 361 75
124 499 73
124 522 63
124 939 50
124 561 96
125 266 82
125 692 46
125 747 51
125 181 48
125 425 21
125 838 58
125 230 84
125 506 75
126 458 38
126 760 17
126 433 98
126 891 23
127 312 29
127 575 74
127 222 79
127 349 66
128 903 31
128 245 70
128 515 28
129 558 58
129 218 53
129 944 88
129 742 77
130 370 32
130 847 83
130 740 68
130 675 71
131 991 89
131 734 81
131 235 33
131 232 12
131 921 92
131 208 67
131 909 45
132 578 62
132 194 31
132 563 50
132 406 60
132 714 88
132 557 45
132 538 68
132 507 32
133 351 85
133 272 12
133 714 12
133 211 20
134 721 25
134 640 62
134 654 63
134 555 94
135 631 59
135 605 52
135 800 33
135 649 94
136 308 31
136 791 75
136 753 95
136 927 71
136 678 28
136 420 3
136 297 41
137 628 72
137 778 74
137 248 58
137 246 21
137 843 88
137 586 51
137 984 81
138 386 42
138 228 64
138 747 15
139 290 38
139 140 19
139 428 11
140 936 30
140 462 37
140 527 76
140 378 71
141 782 14
141 202 75
141 148 42
141 315 7
141 286 60
142 689 73
142 514 34
142 308 18
142 999 73
142 190 36
142 274 14
143 148 69
143 274 2
144 469 18
144 690 12
144 538 100
144 985 50
145 409 80
145 660 71
145 327 43
145 239 70
145 913 4
146 625 56
146 615 49
146 395 47
146 646 94
146 757 61
146 215 41
147 380 25
147 342 42
147 249 28
147 910 75
147 439 56
148 173 28
148 512 68
148 811 9
148 152 65
148 844 52
148 711 46
149 328 37
149 487 35
149 843 60
149 981 84
149 778 30
149 437 67
149 340 41
149 900 45
149 151 12
149 675 6
149 791 49
149 701 91
150 911 95
150 181 94
150 893 87
151 453 70
151 725 61
151 516 58
151 951 88
151 167 6
151 380 54
152 704 12
152 947 18
153 280 4
153 550 22
153 340 28
153 660 99
154 705 65
154 738 78
154 714 33
154 513 44
154 651 31
154 164 25
154 235 75
155 167 57
155 473 55
155 311 70
155 794 79
156 859 89
156 167 78
156 500 75
156 839 53
156 466 72
156 695 68
157 315 93
157 796 1
157 603 34
157 992 82
157 376 89
157 982 2
157 917 80
157 566 2
157 492 83
158 169 79
158 237 70
159 230 87
159 231 37
159 560 8
159 829 44
160 791 41
160 789 60
160 197 29
160 507 12
160 506 2
160 390 16
161 205 58
161 517 26
161 606 39
161 381 17
162 580 17
162 779 34
162 830 75
162 653 22
162 563 40
162 193 42
162 404 61
163 666 71
163 310 93
163 241 43
163 913 98
163 599 20
163 899 5
164 349 66
164 507 59
164 734 58
164 661 2
164 412 54
165 729 57
165 183 30
165 618 11
165 576 34
165 612 65
165 924 91
165 436 11
165 258 53
165 542 77
166 863 24
166 949 41
166 240 1
166 290 99
166 543 84
167 278 46
167 380 86
167 642 85
167 267 36
167 627 79
167 665 84
167 171 99
168 199 20
168 928 25
168 830 67
168 676 8
168 772 37
168 807 55
169 931 94
169 818 34
169 567 10
169 719 69
169 624 64
169 721 25
169 390 5
170 743 15
170 314 71
170 883 45
170 283 68
170 656 23
170 242 72
171 520 60
171 635 15
171 478 55
172 694 34
172 910 30
172 882 36
172 591 35
172 503 17
172 824 2
172 219 7
172 256 77
172 308 85
173 450 26
173 740 73
173 232 98
173 397 39
173 687 95
173 607 92
174 257 47
174 385 98
174 874 96
175 894 43
175 676 81
175 739 99
175 749 44
175 542 72
175 355 14
176 752 62
176 692 12
176 870 53
176 620 82
177 682 70
177 453 87
177 348 47
177 567 99
177 216 85
178 343 27
178 327 45
178 972 93
178 692 75
178 242 42
179 384 79
179 824 66
179 305 9
179 903 40
179 535 11
179 197 70
179 939 79
179 436 59
180 187 79
180 253 22
180 726 21
181 903 2
181 557 57
181 349 89
181 352 6
181 782 52
182 624 78
182 641 93
183 635 18
183 906 57
183 366 10
183 967 85
183 685 81
184 554 2
184 432 77
184 483 65
184 482 55
184 582 5
184 217 42
184 269 75
185 828 49
185 222 95
186 589 4
186 312 11
186 698 86
186 616 63
186 581 4
186 930 68
186 543 89
187 946 96
187 698 1
187 353 5
187 737 62
187 669 63
187 677 99
188 553 100
188 994 10
188 361 18
188 909 93
188 946 84
188 897 84
189 424 27
189 880 99
189 494 1
189 886 16
189 555 50
189 530 38
189 707 42
190 757 41
190 204 2
191 832 36
191 215 62
191 918 45
191 442 93
192 730 1
192 379 17
192 828 87
192 601 33
192 221 1
192 563 56
193 581 78
193 900 46
193 713 17
193 671 94
193 424 98
194 467 98
194 282 5
194 264 48
194 368 100
194 259 38
194 871 70
194 438 1
195 364 62
195 956 20
195 391 38
195 320 63
195 769 39
195 626 11
195 602 85
195 438 16
195 559 26
195 920 30
196 251 80
196 668 15
196 826 56
196 992 23
196 510 70
196 1000 20
197 334 85
197 949 79
197 527 97
197 956 54
198 378 86
198 524 77
198 537 93
198 856 85
198 966 55
199 454 44
199 778 62
199 292 84
199 603 46
199 293 35
199 911 24
199 391 1
199 362 35
200 805 10
200 577 65
200 735 69
200 947 48
200 201 3
200 366 12
200 657 100
200 803 41
200 840 9
201 759 59
201 458 75
201 612 14
201 919 81
201 720 3
201 329 94
201 965 60
201 947 92
202 632 79
202 612 89
202 584 31
202 288 41
202 943 33
202 987 28
202 526 47
203 671 96
203 831 16
203 522 6
203 868 33
203 726 2
203 635 14
203 426 39
203 500 29
203 446 96
204 851 22
205 610 37
206 405 27
206 939 51
206 711 12
206 985 46
206 873 83
207 934 69
207 697 1
207 313 42
207 456 81
208 447 56
208 769 28
208 408 44
208 772 67
208 743 45
208 757 51
209 525 91
209 281 93
209 823 93
209 458 29
209 234 74
209 368 35
210 473 40
210 529 77
210 829 9
210 605 55
210 314 78
210 785 20
211 722 66
211 268 56
211 793 16
211 430 21
211 576 52
211 851 43
211 448 46
212 532 74
212 373 61
212 623 38
212 986 28
212 340 83
213 261 17
213 502 7
213 888 60
213 321 59
214 769 19
214 854 56
214 790 60
214 296 16
215 912 53
215 880 68
215 309 7
215 653 60
215 279 46
216 373 31
216 709 64
216 458 87
216 437 77
216 298 36
216 472 88
216 436 22
216 447 22
216 698 92
217 583 12
217 834 21
218 948 72
218 566 23
218 433 46
218 355 37
218 700 73
218 419 48
218 878 34
219 353 33
219 822 30
219 684 25
219 899 14
220 338 47
220 823 44
220 771 74
220 342 43
220 301 27
221 777 93
221 374 49
221 433 32
221 703 93
221 981 12
221 388 42
221 510 71
222 362 44
222 630 63
222 808 9
223 574 19
223 937 69
223 322 38
223 948 33
223 989 38
223 362 48
224 747 87
224 657 7
224 583 44
225 970 16
225 672 18
225 858 26
225 831 99
225 246 20
226 368 61
226 743 60
226 432 2
226 575 12
226 324 90
226 822 75
226 351 85
227 990 45
227 865 92
227 754 23
227 608 83
227 647 56
227 303 89
227 554 64
228 623 4
228 869 80
228 299 58
228 570 46
228 879 33
228 557 67
229 467 40
229 981 15
229 583 36
229 870 25
229 515 12
230 531 94
230 248 60
230 797 36
230 424 63
231 432 39
231 830 10
232 479 22
232 835 90
232 869 4
232 548 99
232 343 58
233 781 85
233 587 17
233 340 19
233 841 51
234 566 88
234 942 56
234 581 10
235 236 39
235 702 54
235 881 6
235 553 20
236 699 65
236 461 28
236 353 97
236 557 45
236 464 98
237 371 58
237 808 14
237 436 28
237 952 79
237 471 45
237 491 61
237 240 14
237 306 21
238 960 48
238 250 78
238 557 3
238 297 3
238 991 76
238 709 64
239 830 58
239 378 79
239 671 2
239 693 92
239 724 87
239 343 40
239 730 30
240 302 31
240 570 26
240 675 71
240 843 54
241 273 3
241 269 65
241 530 84
241 879 99
241 745 29
241 304 68
241 253 48
242 527 91
242 831 66
243 799 86
243 725 80
244 794 16
244 573 97
244 312 34
244 743 59
244 512 67
244 473 29
244 873 50
244 837 35
245 250 17
245 269 59
245 480 74
246 360 35
246 676 5
246 492 79
246 832 49
247 510 5
247 396 28
248 982 65
248 383 19
248 787 32
248 385 76
248 912 10
248 818 12
248 805 2
248 439 71
248 737 52
249 250 34
249 661 39
249 595 13
250 554 43
250 438 12
250 746 49
251 784 71
251 714 95
251 273 55
251 416 94
252 644 22
252 262 85
252 327 56
252 743 74
253 345 47
253 901 82
253 799 92
253 883 30
254 469 11
254 324 10
254 592 1
254 574 75
255 405 89
255 526 29
256 633 39
256 351 29
256 992 47
256 980 55
256 713 82
256 757 89
257 648 4
257 474 47
257 363 65
257 816 25
257 260 60
257 685 77
257 930 49
257 399 10
258 767 79
258 426 59
258 939 72
258 495 90
259 361 78
259 415 96
259 483 8
260 290 7
260 877 97
260 265 76
261 833 79
261 806 37
261 759 12
261 283 97
262 506 57
262 857 6
262 753 41
263 588 14
263 869 59
263 305 1
263 899 3
264 347 1
264 951 62
264 680 76
264 337 50
265 677 7
265 428 61
265 843 31
265 953 40
266 787 66
266 618 64
266 442 30
266 653 48
267 915 42
268 359 12
268 755 57
269 975 69
269 758 76
269 432 40
269 415 34
270 886 82
270 701 10
270 917 95
270 711 93
270 889 61
271 845 93
271 819 8
271 757 45
272 534 87
272 833 73
273 463 31
273 741 6
273 695 53
273 451 72
273 318 17
273 952 21
274 405 73
274 641 13
274 430 77
275 842 16
275 755 29
276 445 18
276 428 89
277 412 45
277 630 68
277 865 50
277 889 55
277 850 95
278 870 35
278 492 43
278 478 49
278 500 79
278 735 86
278 649 84
279 652 55
279 723 68
280 897 97
280 497 65
280 700 61
280 789 88
280 285 84
280 513 98
281 883 22
282 840 24
282 871 38
282 485 25
282 369 46
283 516 38
284 841 22
284 324 56
284 808 84
284 436 24
285 938 75
285 861 57
285 390 24
286 310 100
286 506 24
286 576 85
286 416 87
287 517 31
288 481 27
289 346 61
289 327 80
289 579 82
289 376 57
289 441 70
290 526 23
290 683 100
290 457 85
290 764 71
291 388 26
291 374 93
292 895 94
292 336 19
292 467 41
292 543 7
292 698 8
293 807 38
293 722 77
293 384 30
293 619 29
294 949 25
294 855 11
294 404 10
294 617 46
294 410 70
295 956 35
295 937 39
295 873 62
295 593 56
295 753 4
296 757 43
296 934 60
296 442 24
297 790 11
297 671 76
297 604 55
297 688 43
298 321 97
298 578 42
298 345 75
298 561 66
299 521 70
299 751 19
299 490 91
299 765 85
300 747 95
300 515 10
301 565 48
301 948 60
302 887 90
302 572 57
302 396 64
302 762 84
302 603 55
303 368 90
304 430 73
304 617 51
304 912 59
304 601 90
305 607 25
305 352 65
305 573 27
305 839 63
306 781 56
306 876 43
306 461 98
306 638 1
306 990 96
307 853 13
307 974 22
307 705 81
307 726 25
308 515 12
308 658 47
309 516 91
309 537 88
309 927 95
310 781 55
310 647 7
310 648 2
311 820 100
311 702 50
312 801 65
312 605 92
313 921 50
313 369 22
313 816 16
313 353 62
313 699 5
314 711 77
314 797 30
314 359 49
315 914 98
315 703 80
316 794 23
316 889 87
316 344 36
317 917 88
317 507 95
317 797 58
317 913 80
318 987 9
318 681 64
318 836 78
318 756 70
318 425 56
319 332 87
319 862 53
319 757 77
320 694 21
320 956 28
320 917 85
321 385 28
321 648 5
322 330 52
322 950 50
323 346 37
323 861 70
323 565 21
323 870 59
323 826 99
323 446 12
324 446 36
324 724 97
324 964 67
325 518 57
325 468 55
325 965 85
326 348 8
326 658 6
326 451 6
326 363 47
326 334 90
326 384 94
326 908 84
327 365 96
327 638 87
328 418 65
329 599 76
329 941 66
329 986 15
329 553 15
329 390 35
330 766 71
330 652 83
330 886 96
330 521 39
330 811 88
331 997 43
331 836 7
331 669 71
331 879 70
331 780 50
331 615 50
331 618 65
332 501 8
332 767 56
332 591 46
332 482 95
333 680 84
333 618 5
333 554 14
334 898 81
334 545 31
334 601 82
334 851 99
334 570 89
335 964 83
335 735 76
335 340 8
335 879 25
335 559 42
336 445 97
336 429 16
336 840 94
337 937 87
337 396 92
337 458 99
337 345 94
337 814 39
337 403 58
337 750 54
338 1000 73
338 407 13
338 692 49
338 576 43
338 468 93
338 506 89
338 875 9
339 549 95
339 808 84
339 429 90
339 592 8
340 576 79
340 927 73
341 831 6
341 519 44
342 488 77
342 497 31
343 823 23
343 432 14
343 869 4
343 835 82
343 555 58
343 534 58
344 473 32
344 803 62
344 929 10
345 902 14
345 562 65
345 952 35
345 633 75
345 485 7
345 960 95
346 986 83
346 463 48
346 572 25
346 830 7
346 860 90
346 614 6
346 681 45
347 386 34
347 938 6
347 588 62
347 666 3
347 394 35
347 426 62
348 969 55
348 580 25
348 932 100
348 713 37
349 735 84
349 672 92
349 543 19
350 770 80
350 990 54
350 376 16
350 869 18
350 583 39
350 529 88
350 691 7
350 942 88
351 985 6
351 391 83
352 477 20
352 356 52
352 519 65
352 791 19
352 490 83
352 406 13
353 702 86
353 700 73
353 841 45
353 407 99
354 656 35
354 757 66
354 502 68
354 531 55
354 458 15
354 647 59
355 650 54
355 462 20
355 618 47
355 691 37
355 932 75
356 884 97
356 598 80
356 404 31
356 718 76
356 366 60
357 791 96
357 846 46
358 436 8
358 593 19
358 419 41
359 380 7
359 368 65
359 993 9
359 982 69
360 574 92
360 668 51
360 463 2
360 414 31
360 795 86
361 940 6
361 400 44
362 727 95
362 525 62
362 410 32
363 996 39
363 674 64
363 532 4
363 671 81
364 485 61
364 861 32
364 880 71
364 603 100
364 431 40
365 907 93
365 858 53
365 714 71
366 418 72
366 465 91
366 901 51
366 447 97
367 456 73
367 883 42
367 528 68
367 716 6
368 462 1
368 637 85
368 955 92
368 543 99
369 796 29
369 724 1
369 668 61
369 456 15
370 816 70
370 813 89
370 640 2
370 886 58
371 870 73
371 375 99
371 573 48
372 979 62
372 670 65
372 616 82
373 664 61
373 628 89
374 905 75
374 987 48
374 825 7
374 705 55
375 669 81
375 855 46
375 766 73
375 440 37
376 817 89
376 485 34
376 468 84
376 847 79
376 879 59
376 835 89
376 739 20
377 639 28
377 829 93
377 455 96
378 585 83
378 702 50
378 422 95
378 415 57
378 860 81
378 586 11
378 947 60
379 775 98
379 948 76
379 963 83
380 853 30
380 815 73
381 926 25
381 501 85
381 470 48
381 432 2
382 704 21
382 789 79
383 527 93
383 555 66
383 398 85
383 708 35
383 582 49
384 659 29
384 857 48
384 927 74
385 812 74
385 972 23
385 584 73
385 590 69
385 687 34
386 633 11
386 417 50
387 441 73
387 957 14
387 596 23
387 970 55
388 723 5
388 740 97
388 802 22
388 420 19
388 569 33
388 494 21
389 671 52
389 597 51
389 609 10
389 513 47
389 562 16
390 399 36
390 512 61
390 720 38
391 871 95
391 923 100
391 662 26
391 776 38
391 499 62
391 467 70
391 705 27
392 674 37
392 659 17
392 809 43
392 603 63
392 847 83
392 938 25
393 507 84
393 921 33
393 658 31
393 874 65
393 724 93
394 851 79
394 487 56
394 702 24
394 462 15
394 497 84
395 409 55
395 499 12
396 520 12
396 590 81
396 447 57
396 904 21
397 778 39
397 821 48
397 876 5
397 796 52
397 996 78
398 495 36
398 811 98
398 410 96
398 673 63
399 803 98
399 648 21
399 468 44
399 514 59
399 450 32
399 509 73
399 880 84
399 624 95
400 469 71
401 774 86
401 764 14
402 899 8
403 463 9
403 880 98
403 453 44
403 993 20
403 743 58
403 604 51
403 508 68
404 552 75
404 636 43
404 609 86
404 549 49
404 849 46
405 540 83
405 667 41
406 489 99
406 434 97
406 585 30
407 860 21
407 834 97
407 472 18
407 966 58
407 909 93
408 574 38
408 782 63
409 475 56
409 704 62
409 886 89
410 697 95
410 981 70
410 753 10
411 586 78
411 492 79
411 737 85
412 758 38
412 568 36
412 547 25
412 489 18
412 600 92
413 773 91
413 472 70
413 459 60
413 626 79
413 937 61
413 560 44
413 758 63
413 430 67
414 685 5
414 740 40
414 815 62
414 749 89
414 714 29
415 924 86
415 464 64
416 942 77
416 762 86
416 433 85
417 701 100
417 579 70
417 665 87
417 473 6
417 722 20
417 449 42
417 442 78
418 694 35
419 988 6
419 872 36
419 772 84
420 719 53
420 761 96
420 478 87
420 978 100
420 479 66
420 807 6
420 716 74
420 445 74
421 564 71
421 840 59
422 845 51
422 718 64
422 907 96
422 479 1
422 905 44
423 944 81
424 949 49
424 947 43
424 727 51
424 839 28
425 780 3
425 872 83
425 770 94
425 640 22
426 929 20
426 591 11
427 919 30
427 947 80
427 487 86
428 795 66
428 817 50
428 471 81
428 514 55
428 570 23
428 954 42
428 498 68
429 559 48
429 484 20
430 838 22
430 785 86
430 604 1
430 877 86
431 926 60
431 616 13
431 758 64
431 821 9
431 828 91
431 582 37
432 818 87
432 692 83
433 727 9
433 839 45
434 922 96
434 866 53
434 896 87
434 993 4
435 456 85
435 635 15
435 679 82
435 669 55
436 547 76
436 709 14
436 729 2
436 945 66
437 467 16
437 441 22
438 523 18
438 775 83
438 709 66
438 446 34
439 908 34
439 750 81
439 768 19
439 740 44
440 536 73
440 496 45
440 484 56
441 916 97
441 533 51
442 452 14
442 569 56
442 645 44
442 798 27
442 635 78
443 803 91
444 536 75
444 633 63
445 630 55
446 782 93
446 683 44
446 523 23
447 743 71
448 920 22
448 767 71
448 958 84
449 715 72
449 633 16
449 459 10
450 766 18
450 933 75
451 793 14
451 690 34
452 673 88
452 841 37
452 649 21
453 510 43
453 739 51
454 646 91
454 782 49
454 948 88
454 722 82
454 971 21
454 790 78
455 862 56
455 468 31
455 648 16
456 668 4
456 465 18
457 896 17
458 942 92
459 480 99
459 874 64
460 469 62
460 791 76
460 828 96
460 874 43
461 529 94
461 748 5
461 631 34
461 776 86
462 564 12
462 579 15
464 672 91
464 495 12
465 491 55
466 992 10
466 667 30
466 634 60
466 888 26
467 967 44
467 574 45
468 770 18
468 841 4
469 950 29
470 670 62
470 981 97
471 746 86
471 646 30
471 966 96
472 743 35
472 912 42
472 760 29
473 519 20
473 583 84
473 895 8
474 681 88
474 650 89
474 987 60
475 538 3
475 848 49
476 480 17
476 910 94
477 564 100
477 572 82
478 914 60
479 756 92
479 638 60
479 801 30
479 757 81
479 921 45
480 985 27
480 959 88
480 827 14
480 866 50
481 591 98
481 994 69
481 725 64
482 900 26
482 807 43
482 507 99
482 791 75
483 837 41
483 485 42
483 688 10
483 772 10
483 519 73
484 606 8
484 854 47
484 485 40
484 956 41
485 894 57
485 791 97
486 596 73
486 632 36
486 730 92
487 636 5
487 659 37
487 928 3
488 799 15
488 668 67
489 667 3
489 625 42
489 729 54
489 833 98
490 654 32
491 877 77
491 530 59
491 914 77
491 595 40
491 604 12
491 593 58
491 905 38
492 557 58
492 509 66
492 553 53
493 770 3
493 548 42
493 824 100
494 576 13
494 610 36
495 826 40
495 681 26
496 782 84
496 966 9
496 963 9
496 973 41
497 913 20
497 826 91
497 645 69
497 787 70
497 625 64
498 737 88
498 559 99
498 957 76
498 739 75
498 694 14
498 854 43
499 703 77
499 540 19
499 883 71
499 890 40
499 793 64
499 885 65
500 509 15
500 978 42
500 937 14
501 895 95
502 885 54
503 519 54
504 915 61
504 611 47
504 898 2
505 603 18
505 895 39
505 736 29
506 791 13
506 948 48
507 571 61
507 907 56
507 712 82
508 816 6
508 675 30
508 707 89
509 896 70
509 625 12
509 752 14
509 568 15
510 582 22
510 695 59
510 957 72
510 591 4
510 701 48
511 798 51
511 621 75
511 835 45
511 525 16
511 707 31
511 856 10
512 617 2
512 837 64
512 953 61
512 828 11
512 669 38
512 569 21
513 610 73
513 704 20
513 539 52
514 736 73
514 623 83
515 960 91
515 954 45
515 831 56
515 786 71
516 728 68
516 865 60
516 851 5
516 996 74
517 535 99
517 926 100
519 852 79
519 527 62
519 878 82
519 999 8
520 594 58
520 570 44
521 570 51
521 918 60
521 789 74
521 652 76
522 945 99
522 637 97
522 870 96
522 624 48
522 806 19
523 580 100
523 795 18
523 963 60
523 842 100
523 775 54
524 633 52
526 835 78
526 952 84
527 541 36
527 598 55
528 557 5
528 937 94
528 995 16
528 980 40
529 917 17
529 773 1
529 635 35
529 701 29
529 676 56
530 710 50
530 869 32
530 789 29
530 870 21
532 646 37
532 683 97
533 633 17
533 998 64
534 982 68
534 909 39
534 626 14
534 856 22
535 617 79
536 989 21
536 807 21
536 767 59
536 993 12
537 778 99
537 862 53
537 845 19
537 903 7
538 830 86
538 923 44
539 705 29
539 820 78
539 659 55
539 869 64
539 759 64
539 901 48
540 822 20
540 556 33
540 709 28
540 918 24
540 882 91
541 972 23
541 990 9
541 909 9
541 717 13
541 864 75
542 669 64
542 991 63
543 682 75
544 846 94
544 912 68
544 695 44
545 955 38
545 743 52
545 576 5
546 935 40
546 678 41
547 977 51
548 590 55
548 591 22
548 864 85
549 975 49
550 677 27
550 992 61
550 678 56
552 950 41
552 897 22
552 807 64
552 663 15
553 868 63
553 584 51
553 861 87
554 588 60
554 965 61
554 774 2
554 761 35
555 765 81
555 928 81
556 595 42
557 973 71
557 686 13
558 782 24
558 863 30
559 596 98
560 993 4
560 844 32
562 564 54
562 648 76
562 605 41
563 844 69
563 675 60
563 777 33
563 886 91
564 874 94
564 911 41
564 799 46
565 946 35
565 994 47
566 985 59
567 821 37
567 992 75
568 662 96
569 643 85
569 714 23
569 837 96
569 775 78
570 745 15
570 886 61
570 975 49
571 658 62
572 965 96
572 694 72
572 897 10
572 655 2
572 935 81
574 720 18
574 815 29
575 653 10
575 730 71
575 808 75
576 837 26
576 703 60
576 994 35
576 973 47
578 647 58
578 811 40
578 761 60
579 867 78
579 924 47
579 899 44
580 631 1
580 771 55
580 806 80
580 813 60
580 892 85
581 602 45
581 741 3
581 749 83
582 999 12
583 909 71
583 744 71
584 995 88
584 586 80
584 602 15
585 856 78
585 695 53
585 645 94
586 918 94
587 725 45
588 774 81
588 972 8
589 846 24
590 987 63
591 939 13
591 647 26
592 642 16
592 986 20
593 856 8
593 738 11
593 689 70
594 787 29
595 905 11
595 958 1
595 981 83
595 618 98
595 928 95
596 675 83
596 683 57
596 639 28
596 932 26
596 885 76
597 657 80
597 906 26
597 733 8
597 777 71
597 992 75
598 811 29
599 746 67
599 957 65
599 826 4
600 665 74
600 896 37
600 623 70
602 981 32
603 866 69
604 718 99
604 847 15
604 994 74
604 679 66
605 936 67
605 839 73
607 657 65
607 766 72
607 848 38
607 884 66
607 820 72
608 820 62
609 855 86
609 649 46
609 648 4
610 697 19
610 963 35
610 785 18
611 696 13
611 794 10
611 717 80
612 772 8
613 875 9
614 650 36
614 780 14
614 783 83
615 832 9
615 808 82
615 786 48
616 901 4
618 770 83
618 858 3
619 870 30
619 843 52
619 970 71
619 895 52
620 880 98
620 995 20
621 949 39
621 774 95
621 708 98
622 748 33
622 786 55
622 755 48
623 959 10
624 678 74
624 700 11
624 819 16
625 967 4
625 835 88
626 828 18
626 709 36
627 753 27
627 834 87
627 669 86
627 998 72
628 891 83
628 704 17
629 868 76
629 902 83
630 693 16
630 792 22
630 803 12
630 964 97
631 637 14
631 975 33
631 824 86
631 641 92
632 762 9
634 676 31
634 990 70
634 760 21
634 636 21
635 828 82
635 971 96
635 863 2
635 655 39
636 951 15
636 749 96
637 716 88
637 872 47
637 792 7
637 744 94
638 790 79
639 678 88
639 986 52
640 795 100
640 995 26
640 743 86
641 804 84
641 983 16
641 796 12
641 656 47
642 776 75
643 744 63
643 803 61
643 790 59
644 796 33
644 860 20
645 647 25
645 797 94
645 861 73
645 662 81
645 830 72
645 784 33
646 897 6
647 821 61
647 929 61
647 992 24
648 878 58
649 995 42
649 711 83
650 666 79
650 982 33
650 753 42
651 893 60
651 729 31
651 754 93
653 717 76
653 885 94
654 966 38
654 710 80
654 734 6
655 767 83
655 795 75
656 892 22
656 674 71
656 686 78
657 759 51
657 856 69
657 745 66
657 893 20
658 712 20
660 979 24
660 926 13
661 855 84
661 741 72
661 979 49
661 704 100
661 986 80
662 945 83
662 686 33
662 846 64
663 757 63
663 849 31
664 964 13
664 862 80
665 941 23
665 672 17
665 885 76
665 1000 21
665 770 33
666 721 37
667 679 70
667 766 91
667 763 30
667 994 71
668 759 86
669 689 57
670 678 91
671 808 50
672 800 10
673 749 36
673 903 36
673 810 56
674 681 6
674 948 33
675 886 48
675 970 84
675 733 1
676 760 25
676 954 57
676 771 88
678 881 70
678 838 91
678 712 10
679 891 52
679 954 63
680 866 63
680 854 92
680 976 41
680 864 15
681 698 44
681 826 42
681 906 39
682 736 88
682 701 85
683 996 45
683 744 70
684 732 15
684 758 96
684 834 25
685 768 91
685 909 34
686 873 97
686 913 20
686 996 15
687 811 27
688 732 62
688 753 93
688 923 33
689 974 59
689 697 28
689 900 37
690 951 42
691 751 87
691 875 85
692 732 35
693 783 55
695 883 57
695 920 45
696 875 70
697 983 73
698 908 40
698 889 16
698 829 52
699 896 22
699 930 5
700 788 2
701 981 11
702 713 10
702 908 18
702 809 19
704 771 5
704 760 92
705 738 31
706 761 81
706 863 49
707 906 64
707 933 76
707 774 1
708 749 92
709 767 56
710 805 8
711 924 13
712 754 51
712 796 56
713 726 94
714 942 86
714 812 53
714 763 58
714 984 71
715 968 79
715 763 41
716 881 92
716 986 27
716 797 59
716 774 7
716 842 11
716 1000 45
716 828 75
717 941 52
717 819 40
718 764 77
719 797 83
719 922 5
720 856 59
720 730 28
721 995 31
721 893 5
722 910 60
723 750 6
724 974 6
724 905 64
724 954 97
725 790 98
725 838 58
726 979 73
726 987 22
727 827 74
728 790 77
728 811 73
730 996 52
730 794 47
731 752 63
732 864 75
732 924 75
732 894 65
733 982 57
733 855 41
734 789 97
735 835 55
736 866 90
737 868 60
738 933 8
738 765 13
739 983 95
739 933 65
740 809 18
741 793 43
742 823 75
742 908 68
744 913 55
744 857 34
744 973 61
744 949 14
745 953 62
747 757 26
748 867 38
751 882 84
752 873 39
752 857 71
753 962 91
753 997 15
754 954 26
754 921 27
755 975 64
756 901 6
758 977 62
758 993 43
758 774 94
759 878 16
760 855 73
760 947 18
761 878 80
762 825 44
763 787 19
763 890 88
764 840 44
765 961 57
765 826 44
765 997 10
766 830 27
767 896 74
767 938 41
767 898 25
768 958 59
768 858 81
769 787 17
770 981 39
771 854 9
772 945 33
772 864 28
772 954 12
774 863 97
775 789 77
776 971 93
776 869 4
776 997 66
777 964 75
778 858 9
778 904 14
780 1000 65
780 887 90
780 940 15
781 876 63
781 973 34
782 989 44
783 813 30
783 840 75
783 877 46
783 959 36
784 927 55
786 923 6
786 946 51
787 943 78
788 844 16
789 881 99
789 958 52
790 999 13
791 901 12
796 827 56
796 847 68
796 848 81
797 878 35
797 833 80
799 977 70
800 937 22
800 965 37
801 978 29
802 968 25
802 964 67
803 860 9
803 864 49
803 813 23
804 858 15
804 835 92
804 919 30
804 949 53
807 944 90
809 879 96
810 927 46
810 886 72
810 819 54
810 975 72
811 954 5
812 885 71
812 824 86
813 818 93
815 919 45
816 835 94
818 863 51
819 968 88
820 923 68
820 927 48
820 869 44
820 932 61
821 857 7
822 875 91
822 855 55
823 876 52
824 878 74
824 840 71
824 932 65
825 970 16
826 996 27
828 922 100
830 950 32
830 959 72
830 935 14
832 979 57
832 854 93
833 872 49
833 952 68
834 998 61
834 959 85
836 967 70
839 849 32
840 907 44
840 874 38
840 960 84
842 844 1
843 967 45
843 912 98
844 986 43
848 972 5
848 977 45
849 989 62
856 876 60
859 952 100
860 957 83
861 906 1
861 994 90
865 970 13
869 930 38
870 957 4
872 984 14
872 941 99
873 908 44
873 882 22
875 964 7
875 976 85
879 947 52
879 988 26
880 988 4
882 889 85
882 883 97
883 951 20
886 980 41
886 944 25
886 945 72
887 975 19
888 966 52
890 919 49
891 942 47
893 902 97
893 922 88
895 930 71
895 972 44
897 948 53
898 979 3
899 940 30
901 1000 56
904 961 53
906 925 3
908 919 38
909 980 12
910 997 7
912 951 55
913 996 48
915 987 71
917 987 14
919 993 21
924 934 35
926 976 49
928 966 27
930 935 73
932 973 67
932 938 69
932 974 40
932 965 54
933 996 86
933 941 12
935 965 37
935 996 99
939 958 72
948 989 91
950 985 99
952 988 10
954 999 60
958 986 11
960 989 93
968 970 50
972 976 95
992 993 55
