1000 1100 50
41
43
49
47
44
14
24
17
18
42
20
50
34
48
48
16
16
46
10
42
32
38
10
11
18
37
41
10
48
21
44
24
33
23
16
41
41
27
36
16
43
21
14
42
40
22
19
17
45
42
43
43
24
36
27
11
49
18
48
10
43
31
13
23
37
47
36
12
44
35
38
41
14
43
36
13
36
23
26
21
37
16
39
17
33
49
49
35
15
10
25
15
50
35
26
38
33
12
14
16
19
40
19
36
36
50
17
50
41
38
38
14
24
13
28
43
32
48
34
15
47
32
24
41
12
26
40
38
22
41
37
23
33
31
10
11
20
19
29
21
33
30
25
26
49
28
32
14
30
40
34
46
22
32
27
35
34
47
29
12
45
13
36
45
48
21
46
46
45
16
41
22
25
23
20
49
21
15
30
47
32
13
41
31
41
49
33
16
26
47
40
28
50
50
28
27
45
14
22
31
18
20
31
21
25
24
35
13
35
36
25
18
47
35
26
23
36
23
25
25
42
23
44
37
43
11
19
10
22
30
19
23
14
34
25
41
50
24
38
23
13
42
19
29
45
21
23
10
49
47
47
38
33
45
16
43
43
18
15
34
41
11
25
42
22
31
37
25
43
20
27
29
21
20
12
22
22
18
10
16
36
27
14
49
47
50
26
16
50
19
42
48
37
10
12
32
44
22
20
36
45
35
45
23
16
22
15
38
37
30
22
21
45
43
15
12
16
10
32
28
29
25
18
36
43
19
50
19
37
32
22
46
29
24
33
38
20
27
26
15
11
40
18
17
20
16
35
29
36
24
12
45
42
11
47
29
35
21
29
37
35
42
25
29
45
18
25
22
49
47
19
47
24
28
43
12
22
17
19
38
29
46
34
21
16
43
31
45
26
48
37
10
45
34
44
36
46
35
21
12
24
25
36
24
15
37
15
21
48
23
31
35
36
46
47
33
49
42
36
48
19
18
49
14
14
22
12
33
30
48
33
28
47
31
26
28
27
18
28
13
19
38
10
24
42
11
42
35
26
33
41
16
19
13
14
22
36
12
33
17
25
10
37
44
21
17
26
19
11
36
27
44
14
43
36
27
25
43
39
17
21
38
25
47
48
31
45
16
22
33
19
48
12
28
11
42
45
48
24
24
19
35
11
41
42
31
28
34
13
16
28
21
12
37
13
30
25
18
43
45
30
10
31
22
23
41
34
44
20
48
18
25
12
42
38
11
10
30
35
27
43
24
18
38
13
35
15
49
14
26
11
16
45
30
40
36
17
31
47
24
33
15
22
43
27
34
14
19
41
10
20
12
44
36
46
13
41
35
49
44
13
23
48
35
25
39
34
12
30
13
37
25
31
48
27
17
23
37
20
50
46
38
38
19
18
17
30
37
42
28
19
49
20
38
27
42
30
26
29
31
19
32
11
28
32
12
46
12
34
20
46
41
45
44
40
22
48
15
23
22
24
35
13
43
38
45
10
17
26
30
35
29
49
48
14
15
30
10
31
46
38
11
38
36
33
32
30
12
10
18
37
42
42
32
10
23
50
36
44
28
28
40
18
45
27
41
13
31
49
48
34
30
41
48
32
29
17
32
19
32
19
24
19
27
42
47
20
24
12
12
33
37
34
28
30
29
14
24
36
45
39
11
43
46
16
43
42
12
17
12
31
13
50
40
47
45
30
16
18
27
13
13
22
32
14
26
50
42
39
12
30
27
47
44
35
27
44
22
35
22
20
21
48
19
19
26
28
39
27
29
16
18
33
27
48
34
16
48
22
49
22
22
29
46
24
30
27
46
35
38
35
14
33
28
31
41
33
38
10
16
20
16
29
32
42
20
34
27
14
36
37
26
35
47
43
35
12
14
15
30
21
27
34
19
14
24
47
37
41
44
16
49
19
37
12
48
41
30
20
35
34
27
35
41
25
13
36
13
37
37
41
12
36
18
27
39
27
38
32
35
35
34
35
45
49
34
47
38
25
13
12
13
36
29
40
45
19
33
32
26
43
20
48
43
41
13
33
45
24
29
39
49
26
50
16
11
47
49
33
49
24
33
15
20
19
32
23
42
48
30
27
16
41
49
16
42
15
11
46
40
33
21
11
10
18
19
21
46
46
11
35
33
35
39
24
40
36
45
46
32
43
17
41
46
20
20
16
23
11
36
21
32
44
15
31
50
21
46
10
13
31
44
12
43
36
46
41
41
35
21
13
49
12
19
22
17
33
22
15
28
47
18
39
27
13
23
31
33
43
40
30
41
28
32
13
23
48
21
22
10
1 751 66
1 232 63
1 23 29
1 447 33
1 273 64
2 846 68
2 3 40
3 169 11
3 486 22
3 977 32
3 342 8
4 226 1
4 766 82
5 383 22
6 821 79
6 929 11
7 743 78
7 938 22
7 153 32
8 878 55
8 781 14
9 334 5
9 360 23
9 44 39
9 203 37
10 46 19
11 251 30
12 601 22
12 522 37
13 257 92
13 464 73
13 208 10
13 283 56
13 443 35
14 632 25
15 728 72
16 106 82
16 942 7
17 939 68
17 82 69
17 421 26
18 47 39
19 746 77
19 128 91
20 844 66
20 131 83
21 58 81
21 687 91
22 623 29
22 919 41
22 658 98
22 76 10
23 617 44
24 99 86
24 852 10
25 264 72
26 148 24
27 882 16
28 802 21
29 981 3
29 813 63
30 391 8
31 339 74
32 457 68
32 434 40
32 486 5
33 773 6
34 190 35
35 562 70
35 258 76
35 601 98
36 549 87
36 847 32
36 300 2
36 515 69
36 695 79
36 392 80
37 715 47
37 606 94
38 647 83
39 656 27
40 136 3
40 190 9
40 798 100
41 246 19
41 225 50
41 411 12
41 604 15
42 185 71
42 284 69
43 812 36
43 533 60
44 641 6
45 837 43
46 710 44
46 414 96
47 158 58
47 445 17
47 167 32
48 790 17
48 925 27
48 477 18
48 490 7
49 876 83
49 415 65
49 484 62
50 198 12
50 991 24
50 986 7
51 255 30
51 414 27
52 635 84
53 247 48
54 381 5
54 439 39
54 266 44
55 503 78
56 677 79
56 195 5
57 946 38
57 591 37
58 557 89
59 772 10
59 559 35
60 528 73
60 899 98
61 548 2
61 565 41
61 880 76
61 223 28
62 540 63
62 731 78
63 526 62
64 729 83
65 119 72
65 497 92
66 430 15
66 283 27
67 185 69
68 981 92
68 374 71
69 111 39
70 632 45
71 868 57
71 858 75
71 670 72
71 491 48
71 249 52
71 404 41
72 282 33
72 218 48
72 738 6
72 131 12
73 982 58
74 671 28
75 332 65
76 698 7
76 434 41
77 111 65
77 424 36
77 833 60
78 422 19
78 587 92
78 162 61
79 779 17
80 126 41
80 597 23
81 896 80
81 139 51
81 174 75
82 864 44
83 264 6
83 601 57
84 487 77
84 388 94
85 425 56
85 231 75
85 469 47
86 954 73
86 102 90
87 900 65
88 928 51
88 254 41
89 186 42
89 238 88
90 894 84
90 900 74
90 209 16
91 269 98
91 103 38
91 397 85
92 771 46
92 285 8
92 140 49
92 657 26
93 337 17
94 439 68
95 432 19
95 813 47
95 716 96
96 149 61
96 588 59
96 167 30
97 853 52
97 780 17
98 339 2
98 441 24
98 958 64
99 576 73
100 714 85
100 105 34
101 168 98
102 991 86
102 479 37
103 580 53
103 797 82
104 742 36
105 361 60
105 833 53
105 651 9
105 350 14
107 267 38
107 207 50
108 348 89
108 778 37
109 590 28
110 371 83
110 649 82
111 907 36
112 871 60
113 780 98
113 543 2
114 732 61
114 460 94
115 891 52
115 686 15
115 535 88
115 486 48
115 441 100
116 189 74
117 341 70
117 240 86
117 693 94
117 382 3
118 767 83
118 297 77
120 526 16
120 725 4
121 259 31
122 445 65
122 837 40
123 970 24
123 281 22
123 168 62
124 308 98
125 656 68
125 839 29
127 389 37
127 853 28
127 241 63
127 702 65
128 897 92
128 581 24
129 995 76
129 433 46
129 571 11
130 578 77
130 171 17
130 466 8
131 708 45
132 518 76
133 909 33
133 961 25
133 922 38
134 974 47
134 624 99
135 529 39
135 349 91
135 498 85
135 293 37
137 481 4
137 792 16
137 215 80
137 548 21
138 466 33
138 604 6
139 725 9
140 428 75
141 401 68
142 877 37
142 301 14
143 483 81
144 359 55
144 464 55
145 204 77
145 869 32
145 260 62
145 949 50
146 676 99
146 648 41
146 316 74
146 261 90
146 468 89
147 473 26
147 286 23
148 810 19
149 915 28
149 735 71
150 898 21
150 787 82
151 753 42
152 460 94
152 704 35
152 209 29
152 544 99
153 318 48
154 377 32
155 660 100
155 846 16
155 419 83
156 419 18
156 805 35
157 436 66
158 577 70
159 741 42
159 625 1
160 694 38
161 936 12
161 351 12
162 276 35
162 533 52
163 624 20
164 392 96
164 404 63
164 287 8
165 315 39
165 592 7
165 181 31
166 840 89
166 362 98
166 573 28
167 709 46
167 427 76
167 967 68
168 272 62
169 682 27
169 576 27
170 182 4
170 534 56
171 914 77
171 570 91
172 949 40
173 174 38
174 980 87
175 498 86
176 570 54
177 639 11
177 524 80
177 625 95
178 521 40
178 592 63
179 220 28
179 489 55
180 393 15
180 991 43
181 326 74
182 640 67
182 979 96
183 398 87
184 893 57
184 418 42
184 820 75
184 971 18
185 860 87
185 958 72
186 455 15
187 890 44
187 698 21
188 534 29
188 932 16
189 565 52
190 949 43
191 575 92
191 314 71
192 472 65
192 719 80
193 624 1
193 698 21
193 737 9
194 979 96
194 428 74
195 683 9
195 919 72
196 945 78
196 600 63
196 242 74
197 320 78
199 959 10
200 956 10
201 987 31
201 774 76
201 291 90
201 803 77
202 369 76
202 614 79
203 582 97
203 861 13
203 728 79
203 760 28
205 407 38
205 313 77
205 941 49
205 646 90
206 413 49
207 967 11
207 475 56
208 671 19
209 427 93
210 408 75
211 697 59
211 957 69
211 519 86
211 428 24
212 399 12
212 872 31
213 748 61
213 747 78
214 429 47
215 779 62
215 612 11
216 889 31
216 447 79
217 256 59
217 416 99
219 516 9
219 251 72
221 820 16
222 991 90
222 247 42
223 433 71
224 853 21
224 729 28
225 845 40
225 572 44
227 333 33
227 391 5
228 354 55
228 424 32
228 607 23
229 335 38
230 378 30
230 957 27
231 837 52
231 558 58
233 706 33
233 981 27
233 816 19
234 646 44
234 359 63
235 474 82
236 274 60
236 767 74
236 594 29
237 956 84
237 936 37
238 762 52
239 602 87
239 794 9
240 690 33
240 780 90
241 886 69
241 700 31
242 546 36
242 990 96
243 366 46
244 802 40
245 361 85
246 952 37
247 716 100
248 444 39
248 966 41
248 641 67
250 597 75
250 982 91
251 783 18
251 482 44
251 694 16
252 483 40
253 632 52
253 856 40
254 517 60
254 501 3
255 384 10
255 530 60
256 474 34
256 565 94
256 742 84
258 586 26
259 272 70
259 600 42
260 323 63
260 495 77
260 525 85
261 609 8
261 400 5
262 373 13
262 419 35
263 724 13
263 969 38
263 436 42
264 319 7
265 913 73
265 545 21
265 307 1
266 643 45
266 590 84
268 960 70
268 736 59
269 446 85
269 525 37
270 728 14
271 983 52
271 882 66
271 680 61
273 325 47
273 448 62
274 625 69
274 275 1
275 509 77
277 588 38
278 429 20
278 738 81
278 715 78
279 744 96
280 991 84
281 339 26
282 905 53
283 791 69
283 356 88
283 447 41
284 366 36
284 521 33
285 834 62
286 901 99
286 879 23
286 396 15
287 902 82
288 729 62
288 356 56
289 999 24
289 382 23
290 383 33
290 668 41
292 386 34
292 846 48
292 717 42
293 899 37
294 977 68
294 802 78
294 345 76
295 996 56
295 383 78
296 485 86
296 477 1
296 783 60
297 552 73
297 575 17
298 921 40
298 662 49
299 928 34
301 602 11
302 492 12
302 898 77
303 930 65
303 989 40
303 421 29
304 385 85
304 768 83
305 855 34
306 409 3
306 627 78
307 309 91
308 350 16
309 990 45
310 652 13
310 380 9
311 640 64
312 500 38
312 434 10
314 417 27
314 395 90
317 443 11
318 584 35
319 870 52
320 941 82
321 804 43
321 859 8
321 374 77
321 595 78
322 647 24
322 618 47
323 685 44
323 520 6
324 672 1
326 762 65
326 497 53
327 610 98
327 985 13
327 935 34
328 984 45
328 473 22
329 931 71
329 815 28
330 668 47
330 513 73
330 710 70
330 997 93
331 734 32
331 834 62
332 702 85
332 959 37
335 872 22
335 852 31
336 423 81
336 709 88
337 715 29
338 779 53
339 533 72
340 378 54
340 923 36
342 667 61
343 618 39
344 703 79
344 452 62
344 923 36
344 932 64
344 748 76
345 799 21
346 888 91
346 644 38
347 810 12
349 984 60
350 787 62
351 523 57
351 411 51
352 479 68
353 576 60
354 653 46
355 478 75
355 570 26
356 675 55
356 920 33
357 516 39
357 488 47
358 805 75
360 994 49
360 387 16
361 583 58
362 390 100
362 794 55
363 500 26
363 846 97
364 707 76
365 486 14
367 472 52
368 937 35
369 849 50
370 547 74
372 848 24
372 546 97
373 854 99
374 912 99
374 465 8
375 883 37
375 737 75
375 927 82
376 796 39
376 678 50
376 522 53
377 654 7
378 593 71
379 751 3
380 469 20
382 547 17
385 602 35
387 803 44
387 468 15
388 967 19
389 630 79
391 943 99
394 908 23
395 617 70
396 424 41
397 485 94
397 652 51
398 667 95
398 678 35
399 986 41
401 742 85
402 972 22
402 465 66
403 622 12
403 847 87
404 798 36
404 864 47
405 478 42
406 635 71
406 428 45
408 942 85
410 416 100
410 672 58
411 873 73
412 723 14
412 805 22
413 977 2
414 509 23
414 459 27
418 699 6
419 878 17
420 474 97
421 607 35
421 637 40
422 947 73
423 512 43
424 657 22
426 812 14
428 770 37
429 570 18
431 797 13
433 509 7
434 997 26
434 704 57
435 655 38
435 461 75
436 726 70
436 627 55
437 746 71
437 842 45
437 762 60
438 816 55
439 926 79
439 468 36
440 722 30
441 649 27
442 934 69
442 860 71
443 612 11
446 801 26
447 673 44
448 733 18
448 555 81
449 762 57
450 805 55
451 673 32
453 524 16
453 587 31
454 892 93
455 696 33
455 755 57
455 602 63
456 462 43
456 609 24
457 700 53
457 469 98
458 970 10
459 582 88
460 550 56
461 614 76
461 794 16
462 951 6
463 924 80
463 574 94
463 636 28
463 813 65
464 880 54
465 600 62
466 978 49
466 584 85
467 910 35
468 695 74
469 522 94
469 726 62
470 589 2
471 885 6
472 904 38
475 679 16
475 750 24
476 808 71
476 646 57
477 761 82
478 1000 1
478 785 25
478 803 17
479 755 27
480 763 47
480 842 37
481 838 57
483 871 16
483 986 84
484 951 66
484 869 88
485 968 81
487 779 70
488 932 94
489 546 10
490 750 26
490 636 26
490 770 48
493 559 70
493 590 5
493 557 50
494 955 27
494 872 99
495 499 68
495 909 17
496 824 59
497 560 82
497 525 73
498 688 99
498 736 100
499 730 71
501 512 79
501 954 3
502 969 69
503 650 39
503 907 19
504 973 75
504 844 12
505 684 36
506 550 93
507 644 45
508 566 63
508 674 66
510 663 59
510 533 54
511 789 51
512 819 82
512 682 52
513 831 84
514 989 15
515 649 64
518 589 12
527 687 72
530 918 56
530 759 89
530 807 6
531 829 31
532 691 84
533 835 81
533 959 61
535 599 43
535 773 16
535 806 13
536 943 63
536 919 67
537 730 46
537 835 76
538 554 70
538 735 35
539 571 51
541 656 31
542 739 35
543 863 10
544 793 62
544 659 83
545 664 1
546 950 28
546 644 6
547 691 74
547 756 28
547 680 88
550 836 29
551 581 66
553 776 82
554 865 55
555 563 60
555 671 61
556 587 64
557 615 94
557 805 79
558 605 90
558 848 49
561 757 93
561 822 87
564 963 71
565 900 76
565 779 100
567 725 58
568 938 82
569 859 7
570 626 54
571 708 39
572 929 64
573 652 9
574 638 82
575 908 59
577 713 53
577 997 67
578 616 10
579 849 51
580 964 58
581 693 12
581 638 50
583 841 3
583 959 28
585 974 86
586 674 69
588 683 60
589 777 52
591 708 96
591 921 96
593 705 92
593 972 61
593 937 55
593 632 10
594 680 82
594 861 97
595 727 45
595 847 77
596 633 11
598 823 16
598 848 23
600 747 19
601 784 59
601 684 52
601 940 76
603 715 48
604 861 71
605 766 100
606 962 94
608 816 55
608 648 64
609 912 41
611 913 18
612 832 62
612 795 41
613 945 1
613 991 6
614 633 20
614 971 95
618 683 81
619 945 98
620 930 2
621 929 61
625 927 83
626 687 75
627 795 29
627 671 55
628 735 27
629 899 68
630 718 80
631 922 48
631 842 69
634 704 36
635 863 74
637 920 54
637 663 91
638 818 12
638 837 90
639 873 81
642 694 83
644 807 83
645 745 67
650 933 61
650 935 15
651 898 48
654 669 36
655 879 95
657 862 3
658 975 81
658 899 70
659 704 37
661 977 60
662 940 42
662 871 5
665 773 68
666 810 29
668 857 54
669 709 84
672 811 25
672 806 35
673 839 74
680 775 43
681 778 86
681 773 94
682 902 43
683 741 91
687 939 65
687 998 10
689 781 10
689 960 43
692 805 14
692 969 23
694 753 42
701 707 76
706 746 42
707 753 36
708 825 100
709 791 10
711 831 72
711 997 66
712 916 27
714 830 66
716 971 85
717 722 47
717 728 79
717 842 35
719 932 62
719 884 74
720 776 33
720 999 79
721 736 79
723 942 26
724 963 9
725 753 50
727 874 80
730 887 67
731 833 4
733 789 80
733 881 51
736 856 86
737 852 71
739 957 32
740 749 88
741 881 25
742 910 24
744 835 14
745 870 23
747 828 34
749 836 64
750 889 78
752 998 11
753 839 74
754 786 69
755 980 83
756 916 53
756 829 57
757 764 63
758 812 3
760 815 12
760 842 79
763 965 66
765 797 22
765 926 45
767 910 4
768 843 95
768 824 25
769 783 33
777 792 37
779 788 89
780 867 39
782 866 91
782 893 27
784 827 80
785 854 22
786 925 74
787 998 93
799 951 37
800 870 35
801 865 92
805 982 51
807 870 51
807 859 90
809 899 60
810 828 28
810 966 100
811 990 1
812 953 29
813 851 52
814 967 45
817 838 5
822 961 29
823 998 72
824 985 1
826 881 94
836 962 17
838 933 44
839 999 1
839 944 70
850 926 80
852 997 29
855 892 16
855 993 77
875 900 67
879 976 56
884 961 17
885 960 23
886 935 14
887 941 25
887 935 60
895 924 69
903 971 34
906 926 99
911 987 53
917 939 55
921 948 100
924 988 55
927 993 85
944 981 3
984 992 47
705 181
427 128
987 364
256 983
993 772
476 932
525 434
948 955
374 70
299 134
703 580
170 719
272 477
458 187
889 212
186 320
915 684
440 774
411 572
526 847
413 321
674 779
230 255
286 97
116 214
496 162
837 871
135 548
541 644
947 574
157 158
45 428
7 702
93 144
216 711
912 40
314 429
223 801
806 6
677 627
928 704
755 994
522 542
399 243
360 209
417 759
590 742
882 263
18 124
162 63
