1000 1500
1 527 91
2 41 78
2 968 20
3 791 90
3 39 74
3 583 44
4 667 26
4 608 24
4 145 12
4 980 63
5 411 71
5 256 44
5 560 76
5 21 50
5 331 1
5 398 14
6 460 19
6 665 76
6 736 61
7 393 10
7 67 12
7 627 76
8 465 12
8 139 73
9 694 60
9 94 37
9 845 68
9 187 95
10 796 30
10 376 61
10 118 31
10 562 10
11 769 31
11 662 87
11 160 56
11 706 56
11 438 64
12 404 61
13 954 12
13 643 48
13 41 29
13 636 88
13 484 31
13 800 57
14 481 59
14 186 17
14 234 20
14 268 16
15 433 45
15 341 17
16 163 99
16 248 68
16 840 99
17 485 37
17 874 52
17 574 82
18 904 99
18 249 53
18 548 11
18 961 59
18 253 83
19 44 82
19 40 4
20 562 40
21 929 22
21 126 23
22 291 65
22 116 5
23 172 75
23 610 21
23 280 19
23 829 79
24 368 6
24 200 89
25 664 68
25 896 48
26 430 62
26 707 89
26 910 93
27 124 47
28 595 5
28 541 81
28 733 80
29 836 18
29 798 94
30 876 31
30 158 85
30 160 32
30 520 31
31 724 55
31 540 75
32 830 15
32 646 97
32 863 25
32 783 88
32 428 24
32 178 27
33 877 46
33 382 98
34 412 29
34 35 100
34 116 21
35 603 15
35 77 3
36 764 66
36 204 88
36 111 57
36 618 23
37 941 70
37 839 10
37 809 46
38 534 28
38 583 41
38 962 1
38 210 10
38 590 46
39 304 28
39 871 12
40 744 55
40 334 28
40 383 75
40 616 66
41 852 59
41 988 40
41 718 42
42 500 56
42 873 70
43 100 37
44 201 96
44 355 65
45 897 15
45 972 93
45 293 22
46 672 12
46 931 89
47 135 58
47 98 52
47 89 98
47 991 8
47 540 75
48 310 14
48 573 53
48 93 55
48 596 61
49 500 43
49 183 93
49 343 5
50 506 57
50 95 18
50 708 10
50 337 53
51 187 89
51 909 97
51 671 98
52 972 36
53 854 80
53 116 15
53 866 83
54 158 46
55 822 28
55 763 87
56 647 3
56 790 78
56 270 13
56 660 3
56 655 17
56 532 53
57 404 62
57 820 85
57 407 67
58 477 60
58 152 47
58 106 12
58 941 81
58 141 8
59 293 23
59 646 21
60 305 62
60 280 59
60 974 91
61 138 80
61 909 98
61 152 63
62 893 79
62 482 2
62 291 83
63 847 30
63 717 1
63 359 85
63 550 5
63 654 52
64 870 19
64 777 72
64 321 33
65 256 22
66 487 15
68 336 7
68 548 42
68 115 27
69 224 64
69 688 8
69 660 39
69 178 51
70 845 61
71 857 87
71 989 30
71 471 37
71 957 44
71 605 31
72 154 8
72 552 36
73 208 43
73 591 26
74 702 33
75 932 98
75 840 51
75 676 54
75 672 51
76 111 74
76 576 12
76 855 53
77 562 25
77 336 95
77 381 40
78 525 89
79 833 19
79 471 45
80 713 64
80 315 1
81 673 16
81 715 24
81 904 36
82 715 76
83 292 85
83 277 56
84 271 68
84 990 44
84 545 4
84 914 78
84 490 12
85 675 75
85 650 96
85 116 87
86 117 71
86 683 37
87 937 63
87 495 21
88 851 35
88 810 70
89 359 45
90 425 28
90 445 63
91 291 49
91 704 33
91 712 93
92 449 51
92 974 57
92 879 33
92 544 40
93 524 85
94 150 1
94 284 67
95 479 20
95 332 45
95 685 23
96 188 58
97 885 44
97 562 60
98 313 84
98 570 1
98 513 81
98 395 81
99 741 2
99 582 43
99 646 62
99 878 77
99 261 88
100 920 75
100 816 58
101 590 83
101 369 73
102 312 43
103 633 37
103 513 39
103 993 54
103 285 93
104 661 93
104 890 48
105 916 43
105 204 27
105 929 43
105 986 75
107 423 62
108 650 22
108 362 8
109 272 96
110 520 84
111 735 13
111 614 40
111 304 52
111 323 81
111 674 92
111 220 60
112 628 44
112 205 62
113 914 73
113 377 17
114 228 14
115 345 78
115 830 25
115 139 5
116 666 7
117 939 40
118 742 35
118 531 63
118 319 100
118 759 53
118 564 40
119 387 80
119 613 41
119 950 31
120 740 82
120 445 23
121 144 72
121 745 30
122 869 34
122 271 71
123 283 75
123 598 29
123 392 69
124 676 61
124 180 56
124 431 28
124 737 19
125 757 6
125 285 96
125 859 17
125 274 70
125 576 38
126 736 69
126 762 61
127 141 1
127 950 80
127 787 30
128 913 20
128 137 62
128 471 12
128 777 21
128 364 67
128 512 77
128 584 33
129 505 68
129 401 32
129 241 72
129 801 29
129 323 50
129 363 55
129 688 46
130 627 67
130 825 88
130 804 27
130 782 75
130 147 90
130 592 14
131 524 8
131 491 56
131 875 25
132 338 86
132 304 57
133 784 63
133 169 10
133 408 70
133 803 89
133 195 41
133 619 28
134 716 37
134 421 61
135 668 35
136 737 87
136 836 23
137 867 70
137 745 61
138 825 24
139 669 46
139 829 28
139 597 76
140 543 48
140 360 23
141 509 15
142 500 60
143 507 17
143 671 69
143 398 28
143 313 82
144 844 85
144 886 91
145 407 21
145 658 11
146 656 37
146 468 18
146 892 95
146 430 8
146 441 76
147 414 42
147 209 69
148 559 6
149 184 28
149 462 56
150 613 69
150 247 36
150 224 40
151 338 42
151 228 34
152 830 19
153 533 91
153 282 99
153 985 33
153 560 89
153 626 38
153 233 97
154 910 19
155 659 88
156 521 86
156 743 78
156 214 43
156 952 46
156 401 80
157 368 99
159 678 23
159 966 36
159 747 10
160 697 27
160 516 100
160 820 42
161 961 99
161 203 17
162 320 28
162 333 42
162 196 60
163 977 91
164 895 98
164 523 13
165 321 23
165 661 76
165 868 92
166 756 88
166 727 60
167 913 11
168 794 52
168 402 19
169 540 90
169 686 7
170 984 18
170 713 46
170 910 53
170 691 68
171 465 15
171 307 72
172 721 12
173 554 88
173 870 60
174 659 28
175 868 37
175 853 9
175 504 35
175 876 61
176 518 85
176 515 4
176 592 40
177 612 41
177 825 67
178 388 79
178 553 15
179 289 22
179 180 39
179 534 67
180 982 23
180 688 23
180 936 81
180 647 86
181 850 21
181 748 76
182 228 34
182 587 46
183 221 89
184 620 90
184 189 31
185 980 67
185 649 94
185 621 21
186 632 96
186 546 66
186 572 76
186 473 47
187 948 57
187 871 18
187 471 61
188 978 64
188 734 100
189 321 23
189 796 8
190 484 74
190 221 81
190 596 72
191 813 85
191 374 64
192 957 20
192 775 5
192 967 38
193 428 92
194 367 43
194 874 42
195 597 57
195 417 60
196 891 33
196 241 32
196 908 28
197 979 64
197 774 54
198 202 10
199 860 37
199 695 32
200 232 78
201 618 26
201 530 58
202 771 14
202 277 44
203 395 33
203 998 64
204 207 53
205 216 76
205 980 98
206 755 58
206 976 34
207 787 23
207 911 25
209 707 13
209 392 43
209 679 86
209 616 77
209 574 53
210 592 48
210 373 78
211 767 13
211 573 56
211 789 89
211 968 99
212 432 27
212 313 74
212 404 100
213 922 68
213 536 96
213 214 58
213 628 28
214 568 83
215 233 61
216 391 27
216 326 21
216 507 38
216 486 71
217 594 80
217 972 94
217 749 20
218 365 69
218 452 83
219 502 24
219 390 56
219 777 43
219 227 23
219 765 80
220 984 2
220 593 12
221 269 32
221 537 46
221 923 66
222 489 59
223 828 69
223 283 59
223 956 43
224 981 27
224 904 79
225 556 91
225 557 99
225 292 43
225 730 100
225 868 23
226 579 82
226 860 1
226 520 95
227 702 74
227 716 57
228 944 85
228 869 12
229 888 7
230 776 97
230 257 84
231 572 18
231 526 67
232 416 82
232 648 37
233 302 71
233 678 66
234 560 92
234 852 51
234 424 16
235 780 31
235 628 12
235 275 12
236 619 68
236 512 2
236 599 57
237 622 72
237 752 9
238 707 91
239 597 96
240 321 70
240 268 38
242 1000 32
242 463 89
243 713 70
243 951 63
243 675 97
244 815 49
245 631 77
245 444 87
245 755 98
245 676 34
246 351 45
246 328 27
246 494 90
247 931 28
247 248 44
247 605 71
248 756 69
249 822 56
249 724 41
250 803 31
250 826 14
250 576 67
250 909 73
251 575 16
251 334 59
252 455 51
252 803 30
253 276 72
253 265 3
253 626 82
254 447 65
254 547 70
254 691 55
255 261 83
255 795 9
256 745 17
256 618 57
257 551 9
257 616 31
257 999 18
258 635 8
258 259 53
258 548 100
258 309 33
259 794 59
259 785 26
260 993 98
260 789 52
260 691 83
261 715 75
261 598 97
262 747 81
262 828 45
262 823 20
263 316 100
264 975 39
264 943 91
264 404 98
265 805 41
266 903 39
266 303 3
266 890 97
267 875 25
267 935 98
267 474 34
268 986 59
268 723 33
268 970 92
268 461 48
269 616 73
269 606 62
270 773 41
271 777 29
271 526 46
272 500 67
272 826 11
273 375 62
273 429 21
273 662 93
274 414 15
275 652 89
275 346 30
276 970 55
276 706 49
277 300 78
277 979 45
277 543 16
278 792 54
278 852 77
279 983 63
279 896 24
279 888 42
279 760 86
280 493 65
280 962 75
280 964 1
281 837 44
281 363 35
282 786 76
282 576 65
283 682 13
283 361 70
284 889 98
284 775 63
284 954 37
284 865 58
285 819 19
285 719 8
285 888 62
286 289 19
286 348 34
286 899 12
286 789 41
287 576 71
287 577 19
287 666 74
288 802 83
288 404 42
288 751 71
289 629 79
289 798 30
289 472 62
290 878 9
290 428 25
292 760 2
293 311 10
294 842 2
294 439 32
294 489 11
295 574 1
295 363 27
295 486 62
295 527 16
296 714 28
297 738 18
297 883 2
298 924 41
298 376 31
299 478 73
300 714 29
301 825 10
301 413 94
302 798 16
302 749 78
302 360 77
302 398 90
302 645 9
303 427 81
303 958 95
304 306 98
304 943 75
304 602 75
304 713 43
304 382 36
305 491 32
306 492 55
306 437 57
307 440 52
307 840 17
307 801 46
307 568 43
308 648 50
308 642 9
308 399 96
309 575 68
309 523 98
309 724 22
311 464 44
311 975 4
312 718 45
312 806 60
313 671 18
314 557 89
315 672 4
315 953 89
315 820 83
316 884 64
316 833 69
317 383 95
318 605 2
318 552 57
318 712 93
318 624 100
318 728 64
319 475 7
319 447 24
319 637 84
320 641 91
321 495 62
321 815 77
321 683 82
322 904 75
324 411 78
325 968 40
325 678 47
327 542 78
327 338 44
328 724 40
328 524 66
329 670 93
329 764 67
330 737 86
330 733 89
330 404 4
331 725 89
331 726 97
332 861 57
332 871 81
333 615 18
333 463 70
333 917 40
333 517 1
334 498 2
334 726 12
334 906 58
335 475 97
335 456 17
335 704 74
336 475 78
336 676 54
337 526 57
337 678 27
338 946 47
338 572 8
339 561 40
339 556 36
340 792 55
341 953 46
341 393 87
342 547 4
342 919 36
343 660 65
343 565 72
343 379 19
344 454 1
344 567 40
346 625 46
346 909 10
347 591 20
347 573 19
347 832 62
348 553 90
349 894 46
350 563 68
350 576 83
351 614 34
352 569 98
353 973 11
353 457 91
353 651 79
353 499 78
353 748 5
353 358 86
353 968 82
354 621 99
355 659 10
355 712 13
355 401 72
356 701 11
356 612 32
356 391 47
357 975 100
357 804 36
358 974 90
359 399 36
359 444 77
360 565 17
360 798 3
360 740 12
360 423 60
360 906 14
361 794 49
362 736 98
364 754 22
364 845 10
364 407 16
365 529 25
365 788 88
366 811 90
366 720 11
366 383 91
367 723 95
368 911 5
368 863 2
369 761 12
370 668 98
370 391 45
371 692 27
372 826 71
372 797 74
373 576 18
373 758 55
374 433 48
374 938 24
376 846 9
376 827 11
376 740 55
376 522 20
377 398 67
377 636 53
377 471 49
378 883 86
378 573 65
379 597 1
379 600 90
380 925 37
380 402 41
381 450 92
381 736 54
382 836 90
383 817 21
384 781 4
384 878 28
385 403 67
385 814 88
386 835 2
386 789 95
387 545 31
387 861 15
388 586 1
389 569 56
389 639 52
391 912 58
391 722 1
392 506 28
393 846 67
394 791 8
395 825 5
396 809 56
396 993 21
397 840 56
397 945 9
397 491 91
398 441 65
398 716 34
399 805 95
400 579 29
400 668 55
402 639 5
402 657 78
403 686 38
403 531 32
403 557 30
404 639 25
404 820 37
405 728 9
405 532 82
406 478 66
406 437 34
408 671 99
408 520 78
408 452 66
409 685 89
409 720 86
410 898 48
410 521 50
412 814 80
412 825 17
413 700 19
413 880 89
413 435 34
414 608 11
414 722 99
415 923 27
415 692 90
415 666 79
416 829 87
416 983 37
417 519 57
417 712 50
418 746 25
419 595 46
419 421 80
420 848 62
421 598 11
421 504 35
422 998 21
422 498 36
423 729 80
423 881 58
424 718 57
424 967 95
424 890 47
426 737 80
426 442 79
426 942 68
426 483 77
427 468 25
427 664 84
428 807 46
429 618 62
430 531 86
431 488 44
431 628 53
432 681 51
432 689 98
433 581 32
433 671 70
433 774 61
434 943 59
434 821 71
435 743 93
436 571 74
436 932 81
438 690 82
440 542 82
441 497 61
441 496 99
441 442 16
442 553 50
442 962 76
442 591 100
443 838 93
443 562 52
443 723 89
444 879 36
444 516 73
445 529 65
445 814 39
446 865 53
447 707 20
448 528 34
449 619 18
450 655 29
450 963 93
450 855 88
451 786 31
451 946 18
451 606 36
452 567 33
452 917 92
453 470 99
453 484 14
454 495 15
454 778 76
454 898 58
455 586 41
455 689 46
455 673 58
455 676 18
456 643 16
457 752 85
458 815 24
458 875 6
459 846 63
461 466 58
461 800 31
462 544 87
463 969 63
464 766 67
464 906 6
464 559 61
466 510 10
466 804 84
466 694 93
466 893 85
467 883 36
467 631 79
469 561 53
469 880 84
470 953 78
470 579 27
471 653 27
472 536 17
473 677 92
473 593 70
473 913 69
473 871 40
474 478 55
476 978 33
477 872 98
478 705 45
478 549 68
478 882 45
478 805 50
478 827 18
479 683 39
479 569 38
480 637 8
482 761 78
483 670 48
483 690 20
483 667 54
484 669 13
486 629 6
487 968 61
487 915 33
487 923 40
488 872 9
489 779 8
489 715 44
489 672 68
489 533 82
490 899 59
490 870 65
491 833 56
492 587 27
494 783 23
494 569 26
496 955 85
497 600 94
498 695 80
499 934 41
500 767 55
501 723 65
501 875 1
503 951 58
503 836 53
504 638 2
506 687 25
507 624 100
508 634 86
509 790 14
511 905 77
511 888 4
512 539 38
512 743 35
513 699 95
514 969 6
516 573 66
516 536 30
517 559 5
517 953 37
519 714 89
520 826 77
520 972 41
521 626 77
522 570 29
523 679 24
523 565 42
523 578 24
524 773 36
525 791 90
527 783 36
527 813 78
528 835 80
528 602 63
529 875 30
530 666 22
530 819 79
531 844 87
531 549 41
532 704 36
532 669 49
532 947 13
535 644 13
535 899 59
536 711 50
536 652 85
537 658 37
537 972 96
538 816 44
538 610 40
538 763 20
539 989 7
539 749 8
539 941 60
540 680 12
540 617 20
541 831 15
541 754 74
542 773 34
543 749 12
544 657 51
544 758 85
544 950 32
546 570 85
546 878 73
547 745 28
549 902 73
550 851 26
551 835 96
552 894 18
554 741 96
555 875 84
556 571 47
558 889 45
559 963 54
561 976 58
561 862 86
563 589 11
563 809 25
564 763 69
566 862 91
567 723 19
568 824 72
569 725 26
570 702 100
570 720 68
571 783 71
572 993 12
572 737 97
573 577 94
574 725 50
575 696 45
575 824 54
575 945 16
576 996 53
577 703 14
577 933 99
578 855 97
578 882 28
578 872 61
579 593 83
579 819 94
579 906 58
580 990 26
580 669 88
582 919 97
582 605 79
582 962 85
583 997 71
583 797 69
584 983 5
584 848 29
585 698 66
585 992 52
586 995 95
586 877 38
587 748 72
588 842 92
588 863 26
589 866 60
590 743 86
590 653 25
591 795 79
592 812 94
593 785 27
593 892 75
593 704 77
593 911 56
594 855 16
596 651 100
597 617 71
597 910 6
598 927 13
599 658 91
599 848 86
600 804 42
601 779 71
602 621 18
602 624 34
603 709 42
604 793 59
604 609 31
604 996 3
604 644 57
604 858 69
606 751 51
606 892 95
606 899 20
607 737 60
609 659 41
610 808 12
610 954 49
610 926 76
611 886 64
614 867 90
617 952 98
623 990 26
624 964 10
626 759 38
627 984 10
628 788 71
628 755 42
628 816 15
629 765 29
630 992 39
631 800 2
632 927 63
632 766 36
634 786 90
636 769 44
637 914 25
640 937 90
640 953 30
643 681 46
644 949 54
644 660 32
644 830 74
645 908 72
646 722 70
649 991 67
649 908 47
650 985 54
652 947 29
652 792 68
653 994 16
654 959 5
654 831 40
657 919 45
658 956 69
658 992 4
658 770 85
660 929 80
662 730 14
663 669 92
663 699 27
663 723 79
664 849 68
664 746 95
665 945 92
666 732 84
666 996 24
668 713 52
669 710 63
670 748 53
673 987 38
674 752 55
675 985 98
676 721 80
676 767 3
679 957 89
680 818 80
681 764 7
681 759 68
683 821 69
683 954 8
684 831 31
687 818 31
688 984 77
688 956 1
689 987 42
690 805 52
691 809 61
692 756 7
693 905 68
698 918 36
698 910 94
700 891 68
701 901 51
701 864 11
703 969 57
704 916 88
705 831 57
707 844 13
708 982 39
710 720 37
710 782 48
711 971 68
711 945 90
711 793 13
712 733 84
712 813 37
713 983 79
714 891 76
715 919 97
716 787 9
717 988 88
717 844 31
718 773 38
721 728 52
722 750 82
722 947 37
724 813 89
725 806 65
725 897 13
726 759 49
727 786 13
728 902 28
731 888 36
731 931 18
731 851 82
734 940 24
734 808 100
734 814 100
738 770 52
739 893 43
739 942 99
742 861 80
742 847 95
742 916 21
744 912 37
746 936 5
747 992 54
749 828 13
751 793 66
753 920 63
757 942 57
757 898 52
758 993 14
759 968 17
759 894 17
760 965 11
762 860 29
763 937 39
766 832 41
768 844 88
770 978 16
772 881 92
772 844 79
774 963 53
776 987 18
777 848 56
778 782 67
780 937 87
780 942 64
781 997 79
782 902 32
783 902 67
786 984 29
789 890 15
790 893 62
793 961 37
795 925 49
797 843 43
799 905 92
801 896 62
804 939 55
805 874 66
805 894 59
807 834 91
808 824 71
809 865 14
810 820 44
812 839 68
812 880 31
814 934 20
815 935 90
816 943 84
817 999 14
817 894 67
821 940 6
822 969 87
823 847 16
825 906 47
826 931 13
827 951 93
827 855 33
832 913 68
833 929 71
833 834 19
834 916 16
838 945 24
839 907 39
841 928 8
841 978 35
844 941 87
849 889 89
852 905 46
854 911 83
856 917 16
856 870 36
856 921 43
856 961 35
857 872 92
858 903 33
859 873 1
861 989 23
863 869 5
865 872 85
875 882 94
876 915 29
877 911 55
879 958 31
884 958 53
886 920 45
887 992 7
887 924 52
888 905 11
889 936 32
899 938 88
899 910 65
900 931 81
903 957 37
908 935 49
908 933 49
913 960 21
913 947 81
915 991 20
920 930 88
920 956 14
921 966 37
926 940 39
934 959 15
935 939 51
936 976 11
940 983 62
940 967 82
948 984 25
954 999 87
959 992 27
969 977 78
