1000 2000 50
23
24
34
47
20
17
34
42
47
40
18
29
48
25
16
17
38
15
29
10
38
40
23
39
30
46
44
23
42
49
33
34
24
10
46
13
13
33
18
43
39
17
43
39
23
20
16
39
24
39
11
31
25
21
35
40
45
24
27
22
27
43
44
27
43
34
36
18
22
32
50
14
36
47
50
19
11
15
30
11
25
20
44
23
19
21
47
24
24
15
19
43
26
41
41
20
10
39
44
16
39
50
32
37
36
43
46
14
27
15
22
48
34
23
32
18
32
46
43
39
48
38
28
48
13
34
34
44
49
23
27
34
21
47
19
16
19
32
26
48
23
14
46
26
26
28
35
11
14
35
27
31
17
29
48
19
29
50
45
33
11
26
37
15
34
10
16
23
22
27
38
30
46
36
11
49
41
50
32
38
47
46
46
18
37
35
37
22
36
33
28
48
43
48
27
23
42
45
37
27
26
40
23
18
25
29
10
23
47
49
32
38
24
27
23
18
11
16
49
17
47
12
25
48
30
19
20
15
29
50
50
41
12
26
14
31
20
34
32
16
17
27
50
35
43
27
41
31
18
42
31
11
44
16
12
23
20
27
12
44
43
48
20
38
18
15
40
40
27
13
21
25
33
20
41
31
30
16
29
35
30
47
28
44
29
38
38
17
35
23
26
15
37
34
28
39
27
35
26
33
33
18
23
21
24
12
45
23
50
25
46
40
28
49
27
21
47
15
18
45
34
25
44
37
25
33
50
28
34
47
46
15
19
15
26
41
39
16
30
24
48
14
45
16
27
23
27
19
32
22
17
25
10
18
36
50
49
29
29
16
29
10
21
13
39
19
19
37
10
18
39
48
24
25
19
44
22
12
20
40
41
36
49
46
30
23
17
50
36
22
33
36
47
10
33
30
16
25
26
32
21
21
36
27
11
33
17
26
49
29
19
24
10
28
17
38
21
17
27
34
45
39
15
50
26
15
46
48
37
29
45
42
30
45
50
16
29
50
27
39
43
39
32
42
20
13
18
13
41
44
36
47
43
28
32
19
10
32
37
30
38
15
12
48
26
32
12
38
22
31
25
37
13
12
30
46
22
11
45
42
43
25
17
43
29
46
44
18
13
46
29
11
20
39
41
33
24
39
29
12
23
38
44
48
28
15
13
50
15
10
45
32
35
44
34
48
49
50
50
14
35
32
41
48
33
17
33
38
27
16
26
45
17
34
44
23
48
26
23
16
20
48
33
46
47
12
30
43
27
17
48
17
15
23
15
19
46
37
27
27
21
24
38
45
28
19
30
28
47
49
44
30
22
47
35
25
49
31
25
25
25
31
48
49
46
18
21
24
35
50
47
37
28
32
20
27
11
19
48
20
42
29
45
14
48
32
21
21
10
19
11
34
13
24
45
33
31
25
21
44
24
45
49
38
38
11
13
46
42
48
44
15
39
47
47
49
29
45
41
16
50
15
16
18
17
21
27
32
27
32
41
41
46
21
47
38
31
21
42
14
24
25
12
20
10
21
38
49
23
50
21
16
25
24
24
19
15
29
26
43
14
20
19
28
28
26
21
39
40
43
39
45
32
43
27
26
15
21
18
35
35
43
23
33
15
35
15
44
21
39
40
38
31
15
47
47
20
24
38
19
32
14
17
31
30
17
46
25
17
31
22
22
38
35
36
18
17
39
10
29
11
17
44
14
32
29
42
47
22
10
20
34
23
10
23
31
46
10
24
47
24
25
21
36
27
19
28
27
19
44
28
46
43
33
16
11
36
44
42
50
39
31
20
44
47
45
49
24
47
17
29
40
44
11
50
19
24
48
21
29
18
20
39
33
22
23
45
17
27
20
49
31
41
45
11
17
11
43
34
14
41
37
27
16
12
27
48
27
22
26
48
36
35
41
31
41
46
28
28
25
43
34
26
31
22
19
41
14
44
23
14
28
47
42
40
45
39
28
20
10
24
39
39
35
16
19
37
13
14
35
26
43
11
10
18
21
38
42
32
37
50
33
36
43
38
39
14
20
16
28
45
32
46
13
17
43
39
28
27
43
14
29
22
14
24
15
21
18
30
10
11
49
22
30
13
25
27
32
46
36
27
30
35
14
22
29
36
11
46
18
45
16
33
10
41
44
48
16
10
50
20
48
29
18
37
17
41
39
34
13
44
39
11
40
13
41
24
49
29
23
40
36
41
19
25
24
50
27
33
22
33
24
42
49
13
23
47
34
28
29
44
14
17
48
26
12
39
20
39
16
33
32
33
37
50
38
28
38
17
48
1 376 75
1 543 76
1 15 42
1 360 1
1 459 14
1 932 64
1 388 93
2 848 23
2 315 48
2 276 99
2 178 96
2 62 96
3 907 100
3 492 60
3 822 57
4 889 41
4 716 100
4 384 79
4 286 19
5 285 63
5 508 49
5 853 64
6 731 9
6 489 9
6 698 10
6 883 72
6 606 26
6 740 74
6 793 68
7 509 64
7 92 86
7 228 46
7 202 28
7 683 30
7 504 53
7 690 58
8 883 65
8 683 85
8 491 69
9 532 55
9 726 59
10 407 9
10 902 56
10 942 61
11 554 92
11 805 82
11 345 22
12 55 59
12 19 60
12 874 17
13 828 55
13 852 96
13 38 27
13 392 9
13 243 86
13 464 87
13 928 17
14 767 68
14 817 11
14 798 73
14 212 52
14 343 24
14 243 63
14 15 28
15 530 70
15 868 26
15 582 9
15 652 31
15 876 49
15 641 42
16 117 100
16 660 40
16 980 71
16 105 20
16 910 84
17 484 30
17 583 58
17 332 87
17 370 99
17 855 28
17 834 16
18 369 7
18 787 25
18 609 48
19 816 34
19 1000 32
19 375 70
19 110 99
20 431 64
20 369 3
20 315 96
21 1000 98
21 660 93
21 373 2
22 742 57
22 700 25
22 846 75
22 987 94
22 533 57
22 566 46
23 902 30
23 302 71
23 881 56
23 394 100
24 568 38
24 711 41
24 872 58
25 795 84
25 652 87
25 571 4
25 132 53
25 844 34
25 811 65
26 289 75
26 190 91
27 590 70
27 472 25
27 52 50
27 207 53
27 60 24
28 804 41
28 243 12
29 956 90
30 389 18
30 873 76
31 483 87
31 888 12
32 666 87
32 610 8
33 867 40
33 280 46
33 713 54
33 430 22
33 522 41
33 286 59
34 209 36
34 342 45
34 989 81
34 418 48
34 621 30
35 738 96
35 322 87
35 452 80
35 974 97
36 946 8
36 85 8
36 239 30
36 554 58
37 278 67
37 904 58
37 614 84
38 193 43
38 964 37
39 296 8
39 189 80
39 875 75
39 153 14
40 56 16
40 426 78
41 741 82
41 661 24
41 767 79
42 924 33
42 154 14
43 778 84
43 433 1
43 332 55
43 990 95
43 157 75
43 843 3
43 824 64
43 877 1
43 533 54
44 671 3
44 271 78
44 50 97
44 264 84
44 752 57
45 521 35
45 396 25
45 74 83
45 769 66
45 175 67
46 448 10
47 73 78
47 283 52
47 484 91
47 946 14
48 838 71
48 57 83
48 425 13
49 945 23
49 894 77
49 382 32
49 278 33
49 110 9
49 938 87
50 939 28
50 960 16
50 195 83
51 374 50
51 893 81
51 968 31
52 910 53
53 770 30
53 165 89
53 77 7
53 800 15
53 942 27
54 95 65
54 70 44
54 633 68
54 592 27
55 523 81
55 938 51
55 441 42
55 638 32
55 159 84
56 508 67
56 125 91
57 64 49
57 391 44
57 914 2
57 113 78
57 524 88
58 157 61
58 290 78
59 397 21
59 582 6
59 232 98
59 729 30
59 535 9
60 878 77
60 218 62
60 232 71
60 831 43
60 324 59
61 939 33
61 725 86
61 891 28
61 600 54
62 919 23
62 512 12
62 242 84
62 313 32
62 442 88
62 895 95
63 206 53
63 248 99
63 775 31
63 785 53
63 964 93
64 497 48
64 808 2
64 363 95
65 931 73
65 570 31
66 922 36
66 93 64
66 732 50
66 990 5
66 200 8
67 222 51
67 117 88
67 637 40
67 384 100
68 645 59
68 387 61
68 952 46
69 789 76
69 752 38
69 762 96
69 636 8
69 512 99
70 157 50
70 847 8
70 750 18
70 214 81
70 212 81
71 228 18
71 468 71
71 782 70
71 104 94
72 119 11
72 215 82
72 762 10
72 414 66
72 968 3
72 75 75
73 175 65
73 264 16
73 336 39
74 627 78
74 344 82
74 891 65
74 530 34
75 829 46
75 308 76
75 146 51
76 730 6
76 676 92
76 634 47
77 701 83
78 421 30
78 333 72
78 818 30
78 821 98
79 220 69
79 755 45
79 517 65
80 259 68
80 581 7
80 443 73
81 208 69
81 510 10
81 361 88
82 201 97
82 939 47
82 907 34
83 552 51
83 428 82
83 733 52
83 371 40
83 850 2
83 492 10
84 700 81
84 651 81
84 681 6
85 364 76
85 293 98
85 765 39
86 753 25
86 217 9
86 142 56
86 952 49
87 444 97
87 996 75
87 815 83
88 253 7
88 342 15
88 426 87
89 324 38
89 211 88
90 220 46
90 111 68
90 978 84
91 707 72
91 985 7
92 598 82
92 862 68
92 423 11
93 606 26
93 912 90
94 458 16
94 501 29
94 704 71
94 414 48
95 874 2
95 728 56
95 813 8
95 899 86
95 248 45
96 462 10
96 166 12
96 949 36
96 308 16
97 398 77
97 759 24
97 539 35
97 882 33
97 200 77
98 876 91
99 375 74
99 743 41
99 895 25
99 257 26
99 359 81
100 993 6
100 860 74
100 159 29
100 675 73
100 740 41
101 494 28
102 958 30
102 462 77
103 779 8
103 451 12
103 339 50
103 944 79
103 209 80
104 110 62
104 527 48
104 512 65
104 984 79
105 769 89
105 855 66
106 336 12
106 802 20
107 161 97
107 956 50
108 461 70
108 149 17
109 449 18
109 501 21
109 592 16
109 183 33
109 279 23
110 455 14
110 130 35
110 249 47
110 641 91
110 255 44
110 414 67
111 733 47
111 335 68
111 412 29
111 999 97
111 476 69
112 622 7
112 476 30
112 924 64
112 169 98
112 575 43
112 896 71
113 934 81
113 912 89
113 992 75
113 285 36
114 952 85
114 711 93
114 903 42
114 411 38
115 689 54
115 933 67
115 780 88
115 461 16
116 331 91
116 717 60
116 302 66
116 361 95
116 506 25
116 397 4
117 145 56
117 523 67
117 750 69
118 990 81
118 947 17
118 404 42
118 317 100
119 925 44
119 349 91
119 832 34
120 728 2
120 208 64
121 659 8
121 471 65
122 989 48
122 149 93
122 459 74
123 183 12
123 845 96
123 461 30
123 740 94
124 825 98
124 357 67
124 851 30
125 930 47
125 802 98
125 501 30
125 542 77
125 850 4
125 244 27
126 591 7
126 803 49
126 890 13
126 229 36
127 507 33
127 322 33
127 943 30
128 786 85
128 209 60
128 860 3
129 442 13
129 345 6
130 764 60
130 318 67
131 527 56
131 265 73
131 155 30
132 492 41
132 502 54
133 703 40
133 259 100
133 546 65
133 197 68
133 701 18
133 420 24
133 496 31
134 499 11
134 794 86
134 843 25
134 862 81
135 553 68
135 396 66
135 294 45
136 461 71
136 836 61
136 581 4
137 265 69
138 836 93
138 215 62
138 373 11
139 642 20
139 426 9
139 434 49
139 201 48
139 652 63
139 365 4
139 480 46
140 761 55
140 663 13
140 636 56
140 694 17
140 154 58
141 777 40
141 493 11
141 968 89
141 214 7
141 812 50
141 604 18
142 822 20
142 620 74
142 800 77
142 596 88
142 151 68
143 452 79
143 336 34
144 230 32
144 252 42
144 716 26
145 240 86
145 514 88
145 891 21
146 366 75
146 510 26
146 820 61
146 614 75
147 361 55
147 423 43
147 581 80
147 239 63
147 996 32
148 806 54
148 319 49
149 755 93
149 379 54
150 228 30
150 674 12
150 816 80
151 693 49
151 658 4
151 407 59
152 860 68
152 404 4
152 855 65
152 608 56
152 234 37
153 724 47
153 956 90
153 740 73
153 355 17
154 530 97
155 976 18
155 192 42
156 327 15
156 916 52
157 650 56
157 217 46
157 937 65
157 259 3
158 252 84
158 569 31
158 185 77
158 740 89
158 406 65
158 575 3
159 170 11
160 321 90
160 709 5
160 672 7
160 999 82
161 667 59
161 696 97
161 817 56
162 940 45
162 914 92
162 174 82
162 662 29
163 968 3
163 211 21
164 520 46
164 572 85
164 244 41
164 242 76
164 690 39
164 348 56
164 485 76
164 335 98
165 463 27
165 528 85
165 394 56
165 367 80
165 812 45
165 432 41
165 851 75
166 451 91
166 908 25
167 572 37
167 732 93
168 856 21
168 341 18
168 253 100
168 786 57
168 594 80
168 862 87
168 932 58
168 620 53
168 995 13
169 632 27
169 200 91
169 553 65
169 719 67
169 605 54
169 256 49
170 865 76
170 605 20
170 454 26
170 851 1
170 294 39
170 917 30
170 821 56
170 223 12
170 237 74
170 438 30
171 229 30
171 826 91
171 274 81
172 842 73
172 603 39
172 686 49
172 482 39
173 999 38
173 732 86
173 577 53
174 746 96
174 740 83
174 406 38
174 510 78
174 261 19
174 625 14
175 485 94
176 780 47
177 441 3
177 810 59
177 447 67
178 766 11
178 338 76
178 525 4
178 269 32
178 835 94
179 535 19
179 222 14
179 842 71
180 189 98
180 264 89
180 993 42
180 259 89
181 988 60
181 345 58
181 190 25
181 250 47
182 891 59
182 710 66
182 826 70
182 282 93
184 926 11
184 575 5
184 234 75
184 720 33
184 643 50
185 199 10
185 589 69
185 601 50
186 820 44
187 635 34
187 593 95
188 325 65
188 245 56
189 686 27
189 267 95
189 843 11
189 818 16
190 404 17
190 1000 12
190 248 97
191 690 61
191 372 16
191 400 85
191 364 76
191 280 86
192 314 60
193 245 39
193 946 82
193 759 88
193 628 65
193 476 99
194 208 26
194 895 26
195 782 71
195 745 20
195 385 21
196 928 48
196 830 2
196 873 27
197 260 32
197 250 22
197 772 22
197 373 28
197 534 42
197 967 12
198 843 2
198 606 48
198 271 95
198 784 60
199 334 66
199 630 15
199 873 98
199 838 99
199 653 70
200 679 91
200 271 76
200 384 57
200 234 43
200 771 56
201 430 18
201 292 38
201 231 55
202 341 2
202 546 99
203 936 61
203 569 51
204 853 85
205 634 96
205 471 86
205 909 74
206 539 27
206 696 49
206 963 54
207 372 31
207 579 80
207 576 49
207 454 98
208 796 92
209 235 50
210 626 36
210 431 81
210 615 33
211 807 77
211 241 77
211 314 54
211 565 19
211 821 26
211 810 88
211 319 97
212 587 97
212 731 65
212 216 73
213 708 90
213 789 31
213 614 89
213 227 99
213 422 35
213 408 68
214 666 2
214 586 3
214 466 47
214 550 20
215 927 41
215 831 79
215 771 92
216 276 64
216 235 40
217 981 38
219 371 57
219 422 12
219 666 91
220 992 48
220 289 42
220 783 98
221 460 6
221 530 19
222 538 98
222 467 44
223 337 94
223 839 84
224 719 66
224 328 10
224 287 63
225 593 46
225 943 77
225 238 48
225 253 78
226 232 84
227 869 1
227 983 19
227 954 10
227 785 39
228 955 30
229 812 98
229 478 58
229 237 96
230 596 44
230 238 81
231 436 86
231 784 80
231 405 18
231 581 8
231 645 34
231 790 61
231 725 20
232 488 54
232 379 47
232 868 45
232 775 55
233 566 28
234 729 28
234 518 43
234 779 64
234 912 38
235 320 31
235 725 96
235 582 31
235 832 26
235 785 23
235 919 9
235 319 81
235 927 82
236 866 29
236 906 88
236 273 62
236 611 24
237 921 1
237 779 6
237 990 69
237 739 98
237 355 42
237 617 62
238 607 69
238 637 5
239 387 93
239 280 33
239 703 98
240 899 74
240 364 92
240 298 92
241 709 11
241 721 44
242 275 15
242 284 14
242 924 68
243 694 48
243 894 20
244 608 90
244 367 91
244 701 26
245 804 66
246 496 11
246 617 37
246 935 3
246 647 37
246 538 2
247 482 30
247 259 3
247 544 11
247 483 60
248 868 48
248 667 28
248 435 98
249 998 93
249 599 7
249 706 38
249 262 14
249 602 63
250 566 20
250 606 16
250 997 19
251 470 23
251 939 72
251 317 28
251 692 9
251 600 51
252 886 81
252 336 80
252 720 16
253 895 33
253 650 16
253 515 24
254 416 8
254 817 51
254 271 69
254 892 98
255 647 99
255 435 61
255 872 84
255 701 78
255 279 99
256 640 26
256 464 10
256 589 17
257 614 53
258 617 20
258 511 29
258 523 27
259 802 79
259 347 73
259 276 89
259 976 57
260 990 40
261 503 15
261 624 91
261 543 70
262 877 61
262 304 73
262 319 28
262 277 64
263 293 70
263 564 34
264 735 13
264 987 31
264 862 100
264 558 66
264 397 35
264 697 72
264 524 27
264 555 20
265 575 5
265 863 22
265 516 71
266 332 83
266 688 77
266 977 85
267 655 85
267 871 2
267 745 26
268 611 51
268 868 17
269 762 84
269 796 67
270 923 23
270 736 54
270 479 19
270 626 99
271 633 70
271 937 10
272 885 48
272 712 7
272 296 17
272 298 57
272 876 12
273 662 64
273 499 27
273 803 99
273 934 92
274 326 93
274 436 59
274 598 46
275 584 32
275 757 38
276 475 8
276 391 3
277 280 30
277 817 54
277 577 71
278 279 2
279 750 15
279 863 37
280 598 28
281 845 33
281 817 62
282 494 84
282 782 96
282 698 54
282 738 83
283 309 56
284 873 17
284 910 27
285 916 61
286 308 37
286 676 18
286 636 37
287 328 100
287 303 19
288 867 53
289 765 84
289 371 43
290 770 86
291 779 88
291 630 58
292 928 59
292 398 49
292 578 35
292 974 4
293 515 19
293 677 39
294 505 4
294 920 17
295 724 92
295 381 5
296 997 10
296 943 36
297 649 37
297 352 51
297 894 79
298 505 66
298 608 70
298 502 96
298 686 3
299 549 52
299 470 45
299 464 73
299 444 10
299 431 8
300 525 39
300 578 41
301 934 11
301 657 2
301 385 44
302 739 64
302 400 4
302 795 15
302 326 55
303 861 16
303 467 49
304 391 32
304 476 2
304 645 69
305 483 50
305 612 71
305 657 48
305 942 66
305 771 58
306 869 23
306 689 98
307 691 92
307 920 47
308 813 7
308 809 87
309 369 16
309 729 81
310 560 66
311 440 69
311 589 36
311 987 23
312 720 26
313 677 46
313 818 59
314 468 33
315 639 53
315 731 18
315 666 83
315 532 61
316 982 37
316 996 25
316 962 70
316 360 6
317 850 37
317 738 22
317 834 22
318 619 52
318 763 4
318 384 9
319 393 66
319 386 71
320 745 22
320 613 2
321 775 46
321 614 26
321 385 73
321 797 53
321 730 47
321 830 44
322 563 63
322 776 82
323 695 50
323 775 1
323 574 49
324 788 3
324 648 53
325 586 7
325 934 94
327 389 50
328 904 89
328 577 84
328 909 68
329 531 80
329 909 57
330 573 49
330 885 30
330 588 93
330 348 50
331 561 98
331 683 83
331 728 33
332 393 69
333 791 24
333 440 70
333 355 77
333 832 34
334 944 95
334 751 97
334 702 44
334 379 2
335 922 38
335 969 86
336 799 78
336 823 73
336 390 1
336 474 2
336 963 50
336 921 96
337 402 93
337 650 94
337 674 34
337 785 44
338 827 61
338 997 79
339 490 19
339 483 55
339 887 14
339 596 93
340 829 92
341 432 44
341 843 31
341 583 45
341 885 71
343 422 88
343 484 39
344 910 48
346 862 93
346 853 58
347 466 56
347 411 74
347 567 2
347 521 98
348 409 65
348 355 53
348 865 5
348 853 49
348 763 73
349 593 57
349 441 33
349 643 26
350 726 4
350 980 48
350 775 67
350 826 89
351 976 90
351 1000 2
352 649 17
352 878 100
353 549 8
353 417 82
353 469 41
354 938 7
354 686 84
355 854 92
355 727 14
355 950 10
356 678 26
356 606 75
356 406 28
356 910 54
357 726 62
357 427 78
358 968 19
359 581 33
360 547 84
360 456 27
361 693 88
361 903 36
362 831 48
362 453 12
362 369 62
363 629 49
363 600 84
363 636 95
365 596 92
365 612 72
365 753 12
365 884 21
366 943 31
367 502 33
367 937 61
367 372 94
368 918 25
368 929 96
368 975 95
369 893 39
369 373 85
370 610 89
370 720 61
370 840 29
370 853 54
370 906 55
372 951 61
372 641 5
372 949 89
372 940 32
372 503 24
372 507 12
374 735 31
374 397 27
375 880 46
375 864 46
375 482 57
376 776 78
376 962 93
377 547 65
378 917 48
378 600 94
378 481 26
378 704 67
378 851 83
379 870 56
379 481 77
379 448 73
379 403 98
379 492 63
380 518 88
380 567 19
381 680 34
381 550 82
381 561 11
382 487 90
382 436 24
382 477 100
382 967 42
382 630 41
382 522 73
382 498 50
382 737 26
383 393 48
383 451 8
384 618 67
384 408 85
385 443 85
385 536 11
385 592 20
386 597 25
386 440 46
387 469 66
387 498 92
387 895 52
388 580 91
388 706 77
389 560 17
389 393 64
389 895 8
389 656 49
390 771 45
390 970 28
390 420 89
390 752 14
390 715 11
391 841 49
391 910 84
392 922 69
392 616 14
393 488 49
394 773 93
394 797 72
395 588 76
397 419 44
398 671 73
399 861 70
399 426 56
400 678 11
401 405 51
401 915 54
402 434 83
402 594 24
402 470 83
402 835 68
403 887 18
403 886 28
403 736 100
403 432 76
404 786 62
405 779 75
407 469 70
407 663 76
408 577 10
408 908 6
408 798 51
408 516 99
410 903 73
410 916 63
411 999 23
412 958 83
412 931 21
412 602 12
412 922 72
412 912 8
413 451 58
413 725 24
414 846 32
414 947 42
415 926 69
415 818 25
416 546 47
416 865 83
416 420 48
417 750 14
417 857 32
417 881 60
418 620 11
419 840 8
419 633 10
419 805 81
419 884 95
420 580 84
420 716 25
421 819 35
421 519 8
421 506 85
422 536 11
422 502 82
423 604 15
423 971 32
424 838 97
425 901 69
425 745 41
427 737 14
427 908 54
427 519 48
427 616 8
427 707 45
428 452 28
429 664 80
429 758 60
429 953 37
429 873 35
430 894 53
431 724 54
431 786 4
432 787 53
433 718 43
434 793 40
434 881 24
434 582 15
435 557 73
435 733 60
435 447 56
436 479 13
437 820 57
437 682 63
438 657 98
439 563 94
439 789 16
439 535 29
440 721 53
440 813 40
441 801 28
441 651 2
441 592 23
441 923 67
441 504 7
442 560 78
443 916 54
445 537 58
445 941 33
446 668 8
446 629 21
447 619 57
447 527 50
447 762 42
448 906 94
450 552 14
450 482 47
450 542 37
451 568 14
451 615 13
451 861 27
451 900 6
452 544 64
452 844 34
452 866 60
452 831 89
453 983 84
453 875 6
453 742 40
453 837 91
453 477 99
453 820 66
454 507 33
456 768 92
456 789 29
456 841 68
457 490 4
457 533 32
458 638 80
459 635 81
459 895 71
460 729 35
461 485 12
461 597 70
461 853 14
461 756 28
463 973 60
463 995 58
463 484 67
464 869 54
465 676 32
465 608 96
465 731 10
466 476 70
467 619 18
467 838 35
468 529 52
468 716 58
468 672 45
469 979 78
469 565 86
469 849 23
469 981 100
470 876 61
470 616 58
471 582 88
471 884 72
473 914 29
473 947 77
473 601 65
474 892 36
474 673 7
474 583 97
474 676 65
474 954 84
474 643 19
475 506 52
475 880 66
475 482 36
476 977 14
476 537 100
477 989 81
478 810 15
478 491 65
478 623 5
479 506 29
479 985 43
480 747 3
480 799 5
480 922 46
480 751 1
480 956 42
481 905 85
481 913 20
481 728 91
482 687 7
482 703 41
484 576 24
484 672 67
484 845 31
484 674 18
485 564 1
486 739 98
486 642 57
486 533 10
487 951 47
488 780 66
488 685 31
488 503 38
489 895 96
490 617 82
490 949 5
490 544 36
490 696 58
490 611 78
491 745 3
492 900 11
492 538 95
493 813 34
494 577 12
494 853 62
494 859 48
495 748 50
495 498 35
495 558 97
495 800 97
496 876 17
497 556 2
498 765 13
498 813 62
498 666 66
500 929 75
500 989 88
500 838 66
501 598 21
502 806 51
504 557 21
504 778 95
506 960 35
507 586 29
507 792 71
507 959 23
508 937 7
509 888 32
509 678 61
509 706 87
510 853 17
510 768 98
511 607 47
511 927 19
511 732 26
511 767 79
512 860 48
512 550 75
513 893 59
513 773 70
513 990 13
514 757 56
514 530 90
514 561 15
515 991 52
515 896 64
515 669 94
516 863 87
516 877 91
517 547 1
517 518 78
517 787 82
517 804 34
518 941 69
518 563 13
518 665 69
519 707 93
519 916 66
520 579 5
520 624 68
521 690 18
521 924 84
522 726 62
523 997 31
523 720 97
524 657 14
525 624 48
526 615 44
526 882 5
527 991 86
528 947 100
528 549 74
529 720 29
530 772 49
531 651 87
532 684 94
533 857 9
533 566 39
534 781 38
534 856 75
535 864 48
536 614 87
537 602 3
540 606 20
540 738 58
541 932 49
541 997 35
541 738 47
542 930 69
542 733 42
542 650 9
542 867 10
543 569 42
543 554 70
545 757 1
545 669 14
545 981 43
546 921 1
547 778 57
547 780 86
548 884 49
549 892 43
549 950 38
549 818 76
550 677 34
551 602 51
551 955 85
552 883 82
553 709 31
553 655 99
554 558 90
555 974 2
556 920 42
556 723 95
557 591 16
557 960 14
558 717 54
558 752 66
558 571 53
559 580 83
559 813 84
560 631 53
561 836 67
562 624 25
562 670 69
562 728 95
563 800 61
563 698 71
563 838 99
563 896 43
564 763 90
564 809 30
565 570 68
565 576 28
566 808 82
567 877 31
568 889 4
568 840 75
569 790 76
569 642 25
570 817 63
571 972 45
572 872 41
572 804 94
573 849 10
573 919 43
573 946 30
574 606 87
574 971 41
574 581 15
575 870 43
576 966 61
576 675 36
577 897 93
577 580 42
578 712 78
578 863 85
578 745 43
579 722 60
579 604 49
580 675 2
580 905 41
581 881 54
581 794 35
582 864 13
584 840 75
585 925 63
585 593 98
585 931 77
585 724 63
587 815 31
587 890 33
587 758 28
588 752 91
588 738 3
588 612 81
588 658 58
590 655 60
591 837 14
592 970 21
594 834 80
594 603 4
594 677 19
595 936 71
597 685 7
597 937 47
598 967 30
598 790 55
598 634 78
599 749 12
599 991 85
599 653 72
601 946 5
602 980 12
602 632 68
602 691 39
603 971 78
604 817 21
605 727 31
605 809 15
606 879 26
607 758 98
609 920 35
609 959 49
609 839 31
610 681 24
610 812 37
611 942 56
611 775 57
611 652 61
612 959 56
612 839 68
613 816 44
613 938 100
616 910 64
618 983 27
619 823 1
620 905 39
621 997 100
623 682 44
623 649 16
623 724 63
624 952 63
624 922 81
625 800 60
626 701 25
627 644 55
628 984 3
628 733 75
629 880 80
629 739 19
630 948 94
630 762 45
631 911 85
632 765 29
632 852 2
632 664 47
633 706 26
633 861 3
634 762 57
634 936 70
635 682 100
637 904 68
638 859 97
638 858 86
638 949 96
638 957 49
639 652 60
640 973 43
641 942 60
642 656 45
643 675 10
643 912 6
643 934 87
643 783 14
644 935 23
644 962 35
644 912 65
645 902 87
645 699 80
646 919 68
646 962 38
648 903 56
649 938 18
651 802 92
651 932 60
651 993 26
652 761 82
653 704 20
654 848 15
654 729 47
655 745 86
655 805 89
656 991 52
657 841 45
658 978 42
658 879 3
658 793 29
659 987 21
660 845 37
660 916 72
660 818 38
661 898 93
661 911 78
664 832 25
665 984 72
667 674 28
669 950 92
669 731 15
669 821 72
669 887 64
670 949 48
670 941 44
670 830 98
672 703 77
672 760 62
674 811 4
675 857 62
676 843 1
676 856 27
677 905 10
677 780 84
677 989 18
677 889 10
678 995 12
678 737 23
681 826 72
681 733 74
683 857 12
684 745 12
684 983 95
685 729 52
687 792 79
687 935 98
688 967 76
689 824 91
690 805 32
690 955 72
691 806 72
691 736 4
692 808 84
692 838 94
693 790 83
694 729 74
695 898 48
696 713 3
696 972 29
696 841 86
697 931 76
697 876 98
698 726 21
699 882 61
700 785 41
700 993 10
700 762 56
700 992 71
701 790 87
702 1000 57
702 936 20
702 820 27
703 974 18
704 984 55
705 723 73
705 910 7
707 931 48
707 761 17
708 964 29
708 833 28
712 832 32
713 861 50
713 745 85
714 866 63
714 818 26
715 836 37
716 820 13
716 817 100
718 806 46
719 912 17
719 821 88
721 755 17
723 961 51
724 805 41
724 989 8
724 971 77
724 831 89
725 929 4
725 735 82
725 813 87
727 842 74
730 961 55
730 782 17
732 971 10
732 874 80
733 856 81
734 781 36
734 779 87
735 835 93
736 855 93
736 768 65
737 774 60
738 921 53
739 974 98
739 890 63
739 814 36
742 754 22
742 743 22
744 851 92
744 781 97
744 987 84
745 896 65
745 811 90
746 960 100
746 799 90
747 837 89
747 957 96
750 927 3
750 978 8
753 871 19
755 839 58
756 902 70
756 827 74
759 790 49
760 780 62
761 959 52
762 847 42
762 897 98
762 862 9
763 963 76
763 777 91
763 896 11
763 954 78
764 975 94
766 850 26
767 881 41
768 991 80
769 957 40
769 964 31
771 782 64
772 983 88
773 837 5
773 828 64
774 800 55
777 899 39
777 965 67
781 926 50
781 976 35
782 960 34
782 909 13
783 879 19
783 885 71
784 824 12
784 968 44
786 943 28
788 913 76
792 890 38
794 833 80
795 962 8
796 982 93
797 965 85
798 900 5
800 937 96
800 817 94
803 862 69
807 854 17
808 953 79
809 954 18
809 844 41
810 938 86
811 947 11
811 952 90
814 874 92
815 927 18
816 850 72
817 818 26
819 893 21
819 943 42
819 966 55
820 994 89
821 948 29
822 847 60
823 939 78
824 967 11
827 996 6
830 992 31
831 942 72
832 875 4
835 915 63
837 853 94
838 951 41
839 884 41
840 868 30
843 845 19
844 853 65
844 912 91
845 896 80
846 930 99
852 966 39
854 860 52
854 992 61
854 965 82
858 870 3
860 988 88
865 972 72
866 887 13
869 979 47
869 946 67
870 984 86
872 884 66
879 963 46
879 923 35
882 905 61
882 975 32
885 975 91
888 970 51
889 922 56
891 926 39
894 901 51
900 951 51
902 981 35
905 930 49
908 926 90
909 953 40
909 911 72
913 971 54
914 956 25
915 952 93
919 960 23
932 986 97
933 955 81
934 937 6
938 970 8
969 987 36
193 69
816 282
734 506
341 522
397 835
94 600
899 378
448 212
374 734
541 428
200 482
709 776
416 25
623 136
546 425
740 524
280 520
808 98
162 475
904 763
142 720
920 238
913 747
727 658
661 210
853 818
15 343
772 822
430 914
724 705
638 517
851 125
693 353
32 206
455 509
907 854
863 107
498 42
589 792
551 737
825 788
821 244
391 435
262 965
239 53
535 887
705 819
286 124
451 814
104 315
