100 150 10
15
27
14
30
50
49
14
32
16
18
27
11
37
24
24
17
37
22
46
17
28
18
46
15
34
20
16
33
50
40
19
49
24
12
26
36
46
25
20
33
23
50
33
18
24
21
48
46
23
32
49
37
27
14
32
26
30
31
50
43
26
48
11
48
17
12
34
48
42
33
49
35
41
44
37
13
49
31
14
36
21
39
47
22
10
25
47
15
42
28
15
48
43
18
22
10
46
29
41
46
1 5 48
2 79 57
2 71 96
3 63 56
3 96 88
3 70 74
3 86 95
3 37 73
3 38 80
4 50 50
4 16 10
4 22 81
5 9 11
5 72 100
5 6 74
5 49 87
6 88 5
6 83 88
7 32 100
7 31 70
8 32 70
9 63 82
10 92 82
10 44 91
10 75 65
10 19 66
11 40 83
11 27 4
11 50 99
11 20 19
11 18 1
12 54 55
12 60 76
12 50 1
12 30 88
13 26 80
14 51 6
14 69 54
15 98 58
15 37 81
15 72 89
16 43 77
16 48 71
16 29 18
17 76 31
17 24 71
17 96 4
18 65 80
18 56 4
19 78 29
19 90 47
20 78 45
20 68 19
21 58 69
22 61 8
22 62 67
22 27 29
22 32 48
22 99 46
23 47 59
23 81 40
24 79 88
24 51 72
25 70 31
25 74 54
26 68 31
26 28 63
27 39 72
28 86 82
29 77 28
29 78 19
29 36 52
30 41 84
30 42 99
30 34 98
30 54 33
30 51 95
31 64 71
31 60 58
31 95 80
31 92 95
32 95 68
33 78 81
33 40 36
34 53 13
34 75 15
34 50 90
34 43 35
35 73 16
35 40 60
36 81 13
36 65 64
36 71 39
37 81 75
38 78 49
38 85 24
38 70 61
39 74 81
39 47 2
39 50 2
41 89 71
42 60 46
43 67 57
45 54 42
46 50 74
46 95 50
47 85 76
48 95 94
48 69 29
49 70 50
49 90 98
50 66 10
52 61 32
54 99 90
55 82 71
55 75 82
56 66 67
56 93 9
56 95 78
57 94 26
58 89 98
58 94 89
59 64 36
60 84 32
61 100 14
62 93 85
62 91 24
64 71 25
67 80 14
67 73 53
68 90 68
69 85 22
71 88 83
72 81 99
74 88 83
74 86 52
74 85 58
75 97 38
77 83 18
78 92 12
82 96 23
83 91 21
83 100 80
85 97 28
85 98 14
86 93 68
87 89 64
90 98 56
91 99 30
93 94 6
36 54
32 31
15 55
76 53
99 27
77 33
72 98
17 64
78 74
90 75
