100 110 10
50
30
40
11
27
43
19
37
25
29
41
17
28
12
46
34
28
17
48
46
39
39
25
20
41
15
27
49
14
31
48
24
33
15
47
15
29
33
22
42
47
38
35
10
45
24
16
48
39
43
37
32
15
44
32
43
22
26
18
47
28
33
38
10
31
29
48
10
25
23
22
50
50
24
27
21
16
36
37
30
23
42
41
46
15
37
26
46
39
17
37
50
39
19
49
17
26
33
30
33
1 56 44
1 13 41
1 5 74
1 90 9
2 42 51
2 71 96
2 9 6
2 95 33
3 50 57
3 19 2
3 20 100
4 44 99
4 83 81
5 34 35
5 29 100
6 78 58
6 25 83
6 29 92
7 46 78
7 73 6
7 69 16
8 50 2
10 28 40
11 88 6
11 25 86
12 30 27
12 50 63
13 97 55
14 76 39
14 27 30
15 49 78
15 17 30
15 100 60
15 65 13
16 77 66
16 48 33
16 82 51
18 57 10
19 93 98
19 62 32
20 63 49
21 59 84
21 82 25
21 95 42
22 55 12
22 99 95
23 60 25
23 41 36
24 64 64
24 94 16
26 92 67
26 55 66
27 61 31
28 70 7
29 95 58
30 72 59
30 39 47
31 90 60
32 92 94
32 85 71
33 86 13
33 52 8
35 66 79
36 85 56
37 68 16
37 86 39
38 61 64
38 95 29
38 54 98
39 48 76
39 47 56
39 84 75
40 85 86
40 52 91
40 84 47
40 62 85
41 82 43
42 95 98
43 53 95
44 80 15
44 52 77
45 73 79
46 91 4
47 99 62
47 54 55
47 82 30
48 94 80
48 53 55
51 87 75
53 89 80
57 81 3
57 71 83
58 79 19
58 71 19
59 96 43
59 83 69
61 89 7
62 89 73
63 90 62
65 76 31
66 75 93
66 94 1
67 97 33
69 80 14
70 100 89
70 71 10
74 76 7
86 98 59
87 89 30
87 90 72
67 62
24 89
85 25
93 5
29 39
50 90
19 63
16 49
80 43
70 8
