1000 2000
1 526 12
1 262 40
1 330 79
1 143 4
2 399 2
2 88 19
2 527 23
2 149 26
2 573 85
2 426 87
2 892 46
3 498 36
3 166 81
3 82 16
3 265 97
3 276 82
3 950 7
4 271 70
5 326 2
5 835 100
5 992 26
5 467 89
5 340 31
6 122 59
6 682 22
6 760 27
6 603 97
6 425 44
6 358 70
7 521 40
7 455 94
7 259 22
7 319 4
8 29 44
8 154 60
8 586 14
8 180 70
8 34 10
9 87 13
9 671 60
9 992 48
10 654 13
10 748 35
10 543 41
11 202 10
11 98 62
11 665 78
12 815 15
12 549 80
12 377 92
13 844 7
13 79 74
13 868 89
13 612 2
14 923 15
14 249 74
15 999 71
15 92 14
15 650 78
16 613 70
16 449 21
16 160 83
16 835 43
16 238 58
17 231 23
17 309 10
17 539 5
17 862 44
18 401 16
18 639 83
18 222 81
18 474 65
19 651 49
19 542 53
19 117 43
19 908 29
20 958 67
20 730 49
20 347 36
20 672 99
20 311 64
20 625 75
20 94 99
21 948 5
21 772 27
21 268 73
21 915 21
22 951 95
22 612 72
22 720 13
22 184 6
22 466 48
22 441 3
22 141 69
23 580 11
23 902 85
23 717 6
23 750 10
23 477 33
23 840 15
23 946 32
24 245 18
24 793 88
24 802 5
24 306 81
24 479 20
25 616 69
26 319 90
26 440 69
27 184 83
27 692 49
27 299 19
27 327 12
28 610 33
28 367 84
28 49 93
28 227 75
28 551 93
28 924 65
29 923 66
29 367 27
29 883 88
29 40 67
30 847 100
30 953 97
30 478 65
30 904 75
30 309 76
30 537 32
31 744 50
31 64 93
31 550 21
31 495 58
31 397 81
31 155 82
32 680 67
32 469 95
32 268 36
32 226 96
32 422 79
32 913 49
33 695 66
33 118 32
33 936 48
33 450 95
34 173 49
34 60 31
35 310 29
35 441 50
35 518 9
35 794 39
36 445 75
36 128 75
36 264 78
36 414 59
37 298 60
37 121 85
37 335 85
37 256 46
37 440 82
37 743 14
38 943 90
38 520 83
38 476 77
38 708 7
38 657 69
38 833 25
39 683 43
39 861 65
39 226 53
39 233 56
40 882 60
40 442 97
40 106 93
41 523 39
41 624 79
41 373 47
41 559 10
41 332 63
41 848 63
41 734 93
42 831 99
42 744 36
42 754 71
42 132 13
42 615 80
43 240 50
43 629 2
44 357 68
44 740 55
44 331 50
44 516 27
44 49 5
45 511 49
45 71 30
45 716 64
46 269 72
46 486 51
46 668 25
46 142 41
46 334 78
46 54 37
47 460 68
47 855 58
47 56 4
47 227 91
47 750 94
48 159 42
48 397 73
48 891 79
48 408 96
48 772 28
49 500 50
49 305 44
49 184 43
49 607 61
49 746 93
49 671 86
50 713 74
50 300 45
50 612 42
50 634 32
50 364 30
51 573 13
51 225 100
51 316 60
51 432 24
51 299 35
52 544 32
52 627 84
52 60 73
52 790 88
52 692 57
52 449 91
53 424 17
53 103 62
53 434 76
53 438 53
53 295 92
54 357 14
54 381 97
54 950 64
54 924 21
55 626 88
56 506 92
56 263 51
56 877 70
56 133 63
56 401 5
57 857 81
57 883 66
57 259 73
57 654 95
58 786 54
58 445 58
58 736 2
58 101 49
58 590 41
59 228 21
59 942 86
59 673 1
59 174 62
60 878 65
60 642 22
60 85 94
61 571 85
61 523 90
61 567 96
62 307 47
62 685 46
62 992 86
63 970 49
63 377 68
63 226 23
63 906 92
63 195 80
63 451 7
63 740 64
64 312 86
64 511 76
64 659 35
64 842 80
65 69 1
65 407 84
65 319 51
65 107 2
65 837 41
65 631 29
66 400 3
66 298 92
66 943 67
66 840 85
66 199 41
67 466 63
67 325 47
67 359 91
67 224 50
68 590 92
68 88 6
68 263 30
69 761 68
69 551 77
69 497 73
70 793 31
70 760 18
70 186 85
70 568 21
71 589 62
71 871 93
71 947 76
71 216 26
72 923 47
73 84 34
73 591 95
73 156 1
74 900 71
74 773 5
74 720 91
75 802 47
76 754 30
76 716 67
76 907 63
76 764 41
76 151 81
76 491 23
77 218 23
77 904 71
77 476 18
77 96 10
78 420 12
78 274 66
78 885 59
78 593 80
78 795 20
79 149 46
79 412 34
79 389 5
80 478 53
80 609 7
81 597 81
81 696 64
81 830 59
81 483 57
81 961 27
81 479 43
82 168 12
82 532 65
82 666 70
82 923 69
82 623 11
83 229 79
83 188 35
83 124 27
83 922 47
83 872 23
84 402 70
84 638 62
84 609 42
85 374 83
85 240 52
85 929 79
85 698 7
86 703 87
86 601 18
86 286 20
87 157 78
88 468 44
88 333 67
88 523 64
89 436 92
89 240 14
90 631 66
90 771 86
90 841 77
90 823 41
91 496 73
91 151 80
91 569 73
91 976 8
92 348 12
92 950 96
93 682 92
93 937 96
93 988 53
93 195 84
94 143 72
94 724 87
95 797 67
95 430 58
95 117 16
95 465 49
95 300 47
95 418 19
96 314 81
96 189 38
97 790 7
97 334 7
97 479 9
97 801 57
98 741 52
98 527 76
98 213 36
99 453 95
99 605 10
99 863 75
100 270 57
100 629 62
100 504 63
100 961 97
100 506 20
100 602 85
101 993 94
101 976 61
101 935 67
101 808 16
101 721 47
101 368 82
102 867 61
102 207 87
103 939 6
103 544 91
103 890 77
103 215 43
103 216 75
104 677 46
104 468 17
105 269 57
105 935 8
105 493 54
106 479 30
106 423 83
107 812 87
108 711 24
108 973 13
108 853 2
108 599 50
108 939 21
108 174 20
109 851 96
109 634 66
109 854 71
109 614 47
110 372 2
110 289 80
110 500 7
111 799 95
111 690 52
111 135 88
111 611 87
111 222 29
111 779 34
111 332 95
111 718 79
111 360 92
112 735 27
112 758 38
113 386 46
113 240 50
113 330 29
113 470 50
113 140 9
113 656 7
114 332 35
114 757 39
114 164 8
114 825 78
115 190 90
115 561 93
115 770 66
115 951 76
116 801 51
116 896 87
116 608 67
117 624 10
117 568 25
117 976 95
117 581 39
117 280 31
117 597 81
118 738 60
119 462 68
119 925 71
119 588 28
119 532 11
120 383 11
120 186 15
120 500 49
121 586 52
121 517 34
121 152 96
121 355 13
121 187 50
122 279 98
122 617 11
123 197 12
123 144 26
124 895 79
124 413 45
124 959 48
124 462 30
124 923 60
124 704 92
125 269 31
125 778 66
126 609 73
126 264 37
126 143 21
127 371 64
127 758 55
127 999 81
128 470 67
128 221 49
128 367 73
129 735 86
129 399 19
129 762 74
130 729 81
130 300 3
130 265 79
130 683 7
130 421 47
130 798 6
131 965 68
131 375 3
131 587 23
131 614 86
132 493 36
132 873 56
132 149 85
132 311 74
133 783 78
133 931 21
133 497 2
134 279 67
134 194 45
135 548 32
135 988 58
136 464 88
136 531 90
136 812 68
136 581 98
136 906 85
136 169 18
137 961 7
137 679 88
138 512 56
138 272 69
138 883 12
138 852 27
139 657 29
139 664 11
140 441 35
140 573 29
140 387 70
140 353 19
141 832 73
142 182 89
142 580 10
142 204 41
142 410 79
143 626 37
143 226 88
144 762 80
144 950 62
144 822 4
145 771 87
145 629 86
145 882 73
145 263 83
146 903 36
146 385 58
146 811 73
147 706 16
147 763 56
148 322 71
148 548 59
149 544 42
150 906 53
150 567 63
150 537 44
151 541 3
151 832 92
151 323 23
151 614 81
151 245 70
152 628 25
152 847 51
152 979 3
153 642 80
153 770 89
153 994 56
153 956 49
154 236 44
154 465 66
154 622 8
154 448 27
155 306 43
155 667 3
155 363 23
155 903 76
156 888 49
156 393 3
156 299 61
156 862 95
156 604 38
157 911 32
157 516 53
157 641 55
157 294 4
157 752 33
158 798 66
158 329 97
158 704 68
158 964 68
158 297 24
159 537 19
159 291 62
159 662 8
159 641 13
160 591 34
160 831 47
160 719 19
160 586 12
161 284 77
161 250 93
161 835 15
161 595 91
162 826 61
162 823 50
162 379 63
162 910 65
163 789 27
163 579 79
163 364 46
163 743 78
163 943 85
164 331 9
165 320 65
165 280 21
165 517 28
165 746 86
166 247 98
166 956 73
166 756 24
167 518 48
167 279 23
167 770 68
167 572 78
168 702 27
168 772 13
168 396 12
168 748 7
168 795 66
168 178 66
169 544 88
169 229 95
170 595 15
170 876 86
171 517 76
171 531 85
171 387 95
172 844 75
172 972 81
173 378 64
173 979 41
173 596 100
174 737 50
174 924 67
174 312 19
175 675 68
175 929 98
176 627 29
176 765 79
176 662 35
177 384 44
177 914 18
177 240 74
177 669 8
177 374 23
178 242 37
179 282 40
179 322 4
179 432 79
179 919 25
179 600 44
179 965 15
180 461 80
180 511 83
180 744 50
181 531 89
181 590 69
181 423 63
182 628 69
182 615 68
183 361 10
183 516 21
183 711 74
184 711 82
185 239 54
185 759 44
186 929 100
186 896 74
186 372 48
186 291 93
186 552 10
187 925 39
188 726 9
188 956 16
189 299 78
189 205 14
189 413 49
190 232 72
190 852 30
190 965 29
190 387 45
191 909 95
191 415 86
191 503 30
191 624 45
191 255 56
191 545 16
192 294 73
192 475 39
192 921 61
192 537 81
192 435 81
193 802 60
193 891 81
193 515 33
193 624 4
193 757 7
193 896 61
194 338 21
194 975 82
194 644 35
195 693 36
195 275 52
195 332 14
195 559 85
196 719 19
196 489 51
196 672 55
196 239 40
196 424 68
197 394 19
197 482 80
197 600 22
197 472 71
198 659 72
198 221 10
198 749 74
199 574 4
199 883 30
200 794 54
200 745 12
200 949 4
201 418 82
201 205 29
202 549 92
203 748 7
203 819 53
204 856 52
204 746 81
204 477 65
204 810 13
205 665 27
205 590 14
205 623 15
205 1000 27
206 995 53
207 252 31
207 257 81
207 658 39
207 471 26
207 458 26
208 897 6
208 885 69
208 234 21
208 247 41
208 724 25
209 564 5
209 626 28
210 224 38
210 677 100
211 486 94
211 236 11
211 651 5
212 378 80
212 580 98
212 549 42
213 986 90
213 556 3
213 356 59
213 244 80
213 258 21
214 926 8
214 900 1
214 219 53
215 839 6
215 234 10
215 554 17
216 327 27
216 622 58
217 246 50
217 851 93
217 973 90
218 716 90
218 474 2
218 686 42
218 793 22
219 656 33
219 245 57
219 903 83
219 574 18
220 644 4
221 961 25
221 485 11
221 325 68
222 518 9
223 694 9
223 822 41
223 652 58
224 358 20
224 577 39
224 409 8
225 626 80
226 819 44
226 886 44
227 936 76
227 797 96
227 874 98
228 290 27
230 345 44
230 409 98
230 974 76
230 732 66
231 261 31
231 605 31
231 707 81
231 499 90
231 683 37
232 569 29
232 331 67
232 421 68
233 542 44
233 328 9
233 967 56
233 916 41
233 398 54
234 876 38
234 872 82
234 743 95
234 406 43
234 867 28
234 288 77
234 613 96
234 466 86
235 836 19
235 354 12
236 316 14
237 688 96
237 659 13
238 399 70
238 928 41
238 743 67
239 649 74
239 538 37
240 457 33
240 248 1
240 328 12
240 420 27
241 634 62
242 569 98
242 536 64
243 328 45
243 708 29
243 270 39
244 271 61
244 619 92
245 866 53
245 463 16
245 509 82
246 660 2
246 505 70
246 991 93
247 462 54
248 992 90
248 285 20
248 705 64
248 554 96
249 762 42
250 846 11
250 689 9
250 532 14
250 730 35
250 497 66
251 896 38
251 839 15
251 807 8
252 513 72
252 508 66
252 720 22
252 414 73
253 421 23
253 567 46
253 437 45
253 884 96
254 700 7
254 704 50
254 917 94
254 679 5
255 475 78
255 492 81
255 821 88
256 769 24
256 874 74
257 677 78
257 733 90
257 388 8
257 289 85
257 953 74
258 947 27
258 380 44
258 326 68
258 393 52
258 654 1
258 338 27
259 764 98
259 700 46
259 825 70
260 957 99
260 849 63
260 678 26
260 518 50
260 938 13
260 741 20
260 908 39
261 306 59
261 628 49
262 409 20
263 528 85
263 747 60
264 916 58
266 600 79
266 812 84
267 308 5
267 583 47
268 562 55
268 747 5
269 793 59
270 370 14
270 284 48
270 301 83
271 545 17
271 296 89
271 454 27
272 965 29
272 378 21
273 963 26
273 814 45
273 632 48
273 405 25
273 985 43
274 672 7
274 935 47
275 782 78
276 630 96
276 491 74
276 773 74
276 817 28
276 886 75
277 807 64
278 862 9
279 561 19
280 652 19
281 570 21
281 939 33
281 590 2
281 476 15
282 459 20
282 403 43
282 858 30
283 770 93
283 854 25
283 391 10
284 699 90
284 887 28
285 837 54
285 598 58
285 882 83
285 555 56
285 877 43
285 441 67
285 532 21
286 532 91
286 854 53
286 782 72
286 790 42
287 318 43
287 851 62
287 577 94
287 292 11
288 975 6
288 792 95
289 818 12
289 417 99
289 671 67
289 542 42
290 441 9
290 635 74
290 552 77
291 618 49
291 609 19
291 990 79
291 808 39
291 558 61
292 821 50
292 446 94
293 853 7
293 625 79
293 483 24
294 320 93
294 381 22
294 984 49
294 887 49
295 800 12
295 977 89
295 943 77
295 835 63
295 774 22
295 454 39
296 446 29
296 501 42
296 731 90
297 713 60
297 798 66
298 695 24
298 896 98
299 409 38
300 435 93
300 983 87
301 419 16
301 706 17
301 573 58
302 552 93
302 356 86
303 696 48
304 602 91
304 404 22
304 448 29
304 507 7
305 918 87
305 890 52
305 496 26
305 770 31
305 871 71
305 863 41
306 311 73
307 507 12
307 331 31
307 368 86
308 522 79
308 913 68
308 845 77
309 608 33
309 381 30
309 817 94
309 331 73
310 664 52
310 518 61
310 393 3
311 529 91
311 420 59
312 955 76
312 926 27
312 515 62
313 949 10
313 688 48
313 913 55
314 657 12
314 919 38
314 945 91
314 755 14
315 801 70
315 921 26
315 483 86
316 868 61
316 374 19
316 850 6
317 697 6
317 504 28
317 761 60
317 893 51
317 988 47
317 515 79
318 364 92
319 644 76
319 372 86
319 517 72
319 575 46
319 525 56
320 558 88
320 820 31
321 484 35
321 432 24
321 881 40
322 888 16
322 933 9
322 412 29
323 783 65
323 740 60
324 806 86
324 470 84
324 921 46
325 619 78
325 929 73
327 981 80
327 779 39
327 466 74
327 588 3
327 731 58
327 919 45
327 461 5
328 788 29
328 685 17
328 661 8
329 632 69
329 699 39
329 835 35
329 865 19
329 994 36
330 973 22
331 464 59
331 652 92
331 638 32
332 764 25
332 983 81
333 963 49
333 753 97
334 709 99
334 994 29
334 612 32
334 480 72
334 999 88
334 637 76
335 633 53
336 838 80
336 999 74
337 853 48
337 528 43
337 709 8
337 953 86
338 933 50
338 781 5
338 768 50
338 911 90
338 385 35
339 775 32
339 920 15
339 998 22
339 472 61
339 736 43
339 665 73
340 599 34
340 665 61
341 699 8
342 727 29
343 387 26
343 431 28
343 619 98
343 933 29
343 351 88
344 785 57
344 492 1
344 990 20
345 440 29
345 360 60
345 374 53
345 845 99
345 763 12
345 676 17
346 927 30
347 980 88
347 444 65
347 362 48
348 407 76
348 546 27
349 789 55
350 384 65
350 651 5
351 478 81
352 635 72
352 786 75
352 452 69
353 610 7
353 517 28
353 868 95
354 954 67
354 521 26
354 939 91
355 396 48
355 425 22
355 577 69
355 882 94
355 773 78
356 725 84
356 751 60
356 901 30
357 662 46
357 385 43
357 424 95
358 514 62
359 655 9
359 636 10
359 724 53
361 755 45
361 810 98
361 513 60
362 654 43
363 892 86
364 443 100
365 552 55
365 408 30
366 739 47
366 848 70
367 821 48
368 473 75
369 836 63
369 977 27
370 917 73
370 397 18
371 720 15
372 578 48
372 453 81
372 375 80
373 648 2
373 536 31
373 428 8
373 507 70
373 990 30
373 533 14
375 502 20
375 565 98
376 759 64
376 969 3
376 763 74
376 605 88
377 994 92
378 463 75
378 749 95
379 981 8
379 447 94
379 719 80
380 851 20
380 468 34
381 836 73
382 424 38
382 950 5
382 870 65
383 620 9
384 514 32
384 743 95
384 775 14
384 810 5
385 775 9
385 613 37
385 495 13
387 457 96
388 887 100
388 936 72
389 582 11
389 568 39
389 917 21
389 671 31
389 900 86
389 641 68
390 914 66
390 643 4
390 892 44
391 791 37
392 770 81
392 940 90
393 860 15
393 867 47
393 753 17
393 600 87
394 811 29
394 854 13
395 693 48
396 397 34
396 697 4
397 919 58
398 880 35
398 529 94
398 754 62
399 629 95
400 584 49
400 689 54
400 412 83
400 419 12
400 452 55
400 510 55
401 423 78
402 625 43
402 698 87
402 609 22
402 772 92
402 707 29
404 413 2
404 913 11
405 503 51
405 827 60
405 772 83
405 932 51
406 866 17
408 723 2
408 560 13
408 694 67
408 468 9
409 643 53
409 815 67
410 516 53
411 652 11
411 889 44
411 888 60
412 867 89
413 425 21
413 834 80
414 606 58
414 897 99
414 468 85
415 467 67
415 920 54
415 548 86
415 444 5
416 614 32
416 989 75
416 954 52
417 911 40
417 984 57
417 784 25
417 934 2
418 922 35
418 458 67
418 869 28
419 481 8
419 691 97
419 608 74
420 568 99
421 891 86
422 813 9
422 561 45
422 540 67
424 752 91
424 436 75
424 864 66
425 792 85
426 562 33
426 519 33
426 483 47
426 591 99
427 487 15
427 619 42
427 652 36
428 946 5
428 766 45
429 859 17
429 898 55
429 698 84
430 576 85
430 849 58
431 929 48
431 930 45
431 507 11
431 557 44
432 605 57
432 666 49
433 879 86
433 679 95
433 760 55
434 564 18
434 928 2
435 877 36
435 619 45
436 880 36
437 696 48
437 941 43
437 724 25
438 879 51
439 697 23
439 596 94
441 829 47
441 601 25
442 510 55
442 465 75
443 788 60
444 912 39
444 608 45
445 555 51
445 806 30
446 566 65
446 656 94
446 580 20
447 896 39
447 789 70
447 835 15
447 744 59
448 824 54
448 722 81
448 902 8
448 866 90
448 999 33
448 851 9
448 939 39
448 945 71
449 778 90
449 565 57
450 843 59
450 851 36
451 753 22
452 863 76
452 556 12
454 987 95
454 755 73
454 838 28
454 652 94
455 971 94
455 481 74
456 527 36
456 504 85
456 485 40
456 708 73
457 463 3
458 637 58
458 712 11
458 610 95
458 848 4
460 705 70
460 469 30
460 717 98
460 525 88
461 957 9
461 593 71
462 974 3
462 941 77
462 915 28
462 629 65
463 865 71
463 897 91
464 631 61
464 610 33
467 653 92
467 639 2
469 803 52
470 873 30
471 655 78
471 689 74
471 473 41
471 747 67
471 888 1
472 545 58
472 754 50
473 621 78
473 956 94
474 483 92
474 938 31
474 612 55
474 854 73
475 550 46
475 504 91
475 917 35
478 501 13
478 917 36
478 494 26
479 777 59
479 851 14
480 742 89
480 740 84
480 952 2
481 490 92
482 652 82
482 602 89
482 655 80
483 904 76
485 622 45
485 490 3
486 831 47
488 845 29
488 528 66
488 640 100
489 684 29
489 898 51
491 853 74
491 685 53
491 661 2
492 718 67
492 559 45
492 868 56
492 650 10
493 729 80
494 748 5
495 662 29
495 930 64
497 795 69
497 622 64
499 995 76
502 750 58
502 577 66
502 745 73
503 899 77
503 763 41
505 901 45
506 719 34
506 620 40
507 721 56
508 736 15
509 712 26
509 603 81
509 768 49
509 627 68
511 804 34
512 533 22
512 862 3
513 647 32
514 945 31
514 841 60
515 996 92
515 793 35
515 619 94
515 997 93
515 860 55
516 726 28
516 568 73
516 575 52
517 872 78
518 533 2
519 687 69
519 869 3
519 817 56
519 957 57
519 551 22
521 724 70
522 717 99
522 740 5
522 922 58
524 530 10
524 620 49
525 634 73
525 900 53
526 640 5
527 601 59
527 801 4
528 937 51
529 970 29
530 952 41
530 657 14
530 925 99
530 570 12
531 910 87
531 602 66
533 686 42
534 884 80
534 619 36
535 874 95
535 671 42
535 608 16
536 789 45
537 801 87
538 911 24
539 846 98
539 692 54
539 730 21
539 802 42
539 854 63
539 940 17
539 695 51
540 664 66
540 710 97
541 636 51
541 563 84
541 993 72
542 737 68
542 838 63
543 907 69
543 688 80
543 814 81
545 840 88
545 786 24
546 938 52
546 784 4
546 978 51
547 725 20
547 553 92
549 617 73
550 709 72
551 746 16
553 643 100
553 613 42
553 847 53
554 829 79
555 859 7
555 950 82
556 676 68
556 641 36
557 999 40
557 707 92
558 745 22
559 928 81
559 593 59
559 793 62
559 949 2
560 881 93
560 650 71
560 985 78
561 763 38
561 813 11
563 646 79
563 645 67
563 675 19
563 953 79
564 725 57
564 659 81
567 636 36
567 708 61
568 739 84
568 860 7
570 832 78
570 683 20
570 983 64
571 654 85
572 761 96
572 991 41
572 914 40
573 585 15
573 825 6
573 829 14
574 583 72
574 744 4
575 750 83
576 873 55
576 598 89
577 819 35
578 848 39
579 796 52
579 883 71
579 693 97
579 787 40
580 876 86
580 666 66
580 697 55
581 865 26
582 966 92
583 764 34
583 585 1
584 988 50
585 594 82
585 819 79
585 794 46
586 633 64
587 806 97
587 596 9
587 731 87
587 772 40
588 880 5
588 671 40
590 980 55
592 599 63
592 757 25
592 730 78
592 779 34
593 747 65
595 656 33
596 707 51
596 687 99
596 824 38
596 772 4
598 717 13
598 814 29
599 984 51
599 718 53
600 638 96
601 668 36
601 872 49
601 733 83
602 663 94
602 969 90
603 733 78
603 891 67
604 953 57
604 765 16
605 786 1
606 856 96
606 789 63
607 909 50
607 797 79
608 863 52
609 891 41
610 717 65
611 758 24
612 752 36
612 775 42
612 776 55
613 647 36
613 710 16
614 875 86
615 660 38
615 661 17
615 777 28
616 678 55
616 769 94
617 695 72
618 679 55
619 728 83
619 765 46
619 841 42
621 729 2
622 679 10
622 973 47
623 898 88
623 800 36
623 703 4
623 801 59
625 998 49
625 836 84
625 792 34
626 962 11
626 753 24
627 855 74
627 805 79
628 748 41
628 673 6
629 956 68
631 940 43
632 884 33
633 986 85
634 913 49
636 660 18
637 951 20
638 651 6
639 889 54
640 870 71
641 655 24
642 655 8
643 969 64
643 991 49
644 1000 73
644 691 43
645 825 82
645 975 8
645 704 97
646 706 51
647 894 29
647 777 77
648 853 82
649 753 9
649 979 55
650 963 46
650 812 64
652 926 94
653 908 97
654 688 64
655 983 77
656 905 6
656 803 49
656 689 4
658 829 61
658 949 22
659 774 76
660 938 9
661 786 39
661 994 76
661 928 42
662 924 88
662 888 29
663 674 34
664 879 90
665 944 61
666 997 73
666 991 46
666 965 66
667 983 2
667 821 30
668 923 47
669 995 56
669 793 7
669 792 98
669 763 75
670 871 24
670 820 53
670 851 13
671 868 50
672 701 85
672 917 39
673 834 31
673 939 6
675 812 67
675 817 21
675 727 92
676 731 30
677 839 6
680 886 16
680 887 100
681 878 36
682 868 31
683 698 91
684 807 39
684 943 74
685 892 81
685 908 17
685 789 78
686 861 98
686 947 68
687 990 32
687 748 73
687 957 62
689 696 69
689 923 44
691 765 91
691 983 70
692 937 15
692 988 89
693 842 53
693 766 30
693 932 96
694 892 49
696 809 60
698 828 34
700 739 72
700 913 88
701 801 45
701 856 67
703 856 67
703 786 3
703 901 14
704 955 35
704 970 57
710 770 12
710 976 85
713 905 50
714 957 94
714 904 9
714 880 36
715 854 19
715 790 14
716 960 65
717 760 46
721 988 90
722 891 82
723 778 73
723 974 7
724 808 42
725 819 32
726 759 7
727 795 64
727 984 62
727 879 92
727 899 57
728 967 83
728 838 30
729 964 19
729 864 6
730 936 98
732 923 69
733 990 63
734 980 96
735 949 46
735 755 31
735 951 54
737 791 40
738 814 24
740 918 52
741 995 34
742 850 61
744 980 60
747 841 14
747 882 14
748 990 79
749 902 73
749 978 28
750 959 94
751 778 60
751 834 72
752 787 99
753 900 11
754 977 73
754 835 79
754 822 12
755 951 67
756 950 40
760 777 53
761 869 9
763 914 92
763 945 21
765 992 29
766 985 90
767 985 32
768 932 52
769 890 33
769 775 25
769 845 31
770 858 12
771 921 90
776 823 79
777 963 90
779 820 27
779 830 5
779 971 87
780 833 51
780 807 56
782 926 1
782 959 7
784 975 26
785 978 17
785 800 13
786 893 99
789 852 14
789 950 58
791 974 67
792 856 63
797 816 76
798 845 54
799 957 14
800 887 22
800 927 52
800 824 62
800 899 95
802 979 78
804 919 41
804 978 21
805 985 86
805 898 41
807 925 18
809 911 90
810 841 98
816 848 69
816 826 57
817 869 32
818 859 65
819 888 84
821 906 7
822 985 54
823 838 36
827 930 20
830 877 14
830 889 75
830 977 19
833 1000 57
833 905 84
834 861 33
835 968 99
837 967 5
838 902 3
840 864 67
842 936 57
842 914 93
845 901 5
847 911 62
854 894 79
854 938 82
854 959 92
856 858 32
856 883 60
861 866 33
862 942 77
862 989 49
864 875 4
864 899 42
869 870 88
880 998 39
881 927 7
886 890 55
887 918 89
891 971 20
891 960 48
892 934 21
893 945 55
893 950 40
895 975 60
899 920 23
900 995 4
901 940 9
902 916 31
903 909 98
904 937 32
907 997 7
909 942 2
919 952 62
921 982 11
921 971 36
921 936 68
922 976 51
923 933 16
929 960 75
931 988 86
934 972 78
935 992 83
946 976 29
949 960 84
959 989 79
983 994 87
