1000 1250 50
21
36
50
19
11
31
40
25
27
41
36
41
41
22
30
25
22
17
11
17
46
17
50
50
23
34
40
39
34
23
33
30
36
23
35
48
29
46
23
44
28
11
26
20
13
30
12
50
12
23
20
40
23
17
32
14
40
23
20
35
14
48
31
46
33
28
46
30
50
50
14
34
31
36
39
25
46
12
23
30
40
17
33
16
24
27
34
36
49
47
46
49
40
32
12
44
17
20
48
27
38
44
33
50
31
45
38
28
35
29
45
33
10
10
30
18
18
20
37
29
43
12
46
43
32
23
11
39
25
31
30
50
44
46
39
31
41
36
46
30
10
25
13
12
13
17
45
18
29
33
14
50
20
40
38
28
50
29
45
20
27
10
25
49
43
45
14
22
22
30
13
44
36
48
19
23
47
39
29
16
39
34
38
13
50
24
41
22
13
33
24
29
20
33
25
39
27
40
23
25
28
45
46
50
26
24
22
21
31
40
28
14
34
12
35
42
35
39
26
25
14
45
14
20
13
39
23
30
21
34
43
46
43
22
36
16
15
11
11
46
38
17
14
14
44
14
40
29
35
34
12
42
40
43
34
49
33
45
10
35
36
41
12
49
48
42
48
18
22
15
26
16
39
41
33
43
11
50
47
21
26
35
28
40
30
11
42
42
19
49
47
19
16
35
49
26
15
44
27
24
38
18
27
50
41
41
45
35
10
28
29
49
25
20
18
22
28
41
38
44
16
41
40
42
14
23
11
45
34
47
11
30
49
17
39
25
38
23
10
14
47
30
15
47
48
22
19
46
17
33
17
16
34
50
46
15
46
11
34
30
40
28
35
29
49
25
17
24
27
30
24
26
46
30
28
31
27
30
45
11
27
13
33
23
32
13
33
45
18
19
43
46
17
17
10
40
15
14
32
36
25
16
49
10
28
42
36
48
21
25
29
19
29
19
43
40
26
34
32
39
23
47
17
28
50
19
46
34
19
46
13
13
41
22
24
39
23
29
43
11
37
21
35
17
13
23
49
32
42
25
45
36
49
31
31
26
43
35
42
23
44
48
50
19
10
16
49
36
38
48
22
44
14
30
31
24
43
32
23
29
34
13
20
28
16
25
11
25
44
32
50
24
15
30
17
50
22
49
39
35
32
13
32
19
43
12
23
50
34
16
11
14
38
14
47
21
43
18
39
25
45
18
40
11
45
29
47
39
12
26
22
34
20
33
17
42
43
22
12
46
19
49
10
27
23
44
26
37
23
50
25
30
16
40
41
34
18
29
42
26
36
12
41
31
21
37
32
28
13
17
10
32
50
39
41
14
30
42
27
23
33
14
20
21
18
14
38
40
20
37
27
27
47
26
43
24
23
21
10
43
24
50
27
38
21
10
37
29
38
13
27
39
38
16
21
46
37
15
11
12
24
50
39
37
19
29
24
14
34
43
42
26
29
47
45
31
44
10
25
24
32
20
38
22
27
34
16
10
13
13
27
14
18
33
42
32
45
22
47
13
50
49
38
16
32
41
26
47
36
11
40
25
17
19
37
25
43
12
14
20
29
18
20
31
23
34
27
22
31
44
41
42
23
13
33
17
20
47
28
41
34
16
13
15
28
39
25
36
35
46
47
16
17
32
44
33
11
50
41
41
35
10
34
20
18
40
36
10
49
41
28
45
33
13
45
29
37
39
10
25
24
39
31
23
15
30
17
41
37
25
38
45
18
27
21
50
13
31
46
21
11
48
38
19
10
21
11
16
13
14
25
21
21
44
12
13
35
15
25
23
45
41
19
33
36
31
24
34
30
30
39
47
41
49
45
50
31
49
24
15
25
16
22
18
13
11
38
11
31
50
27
48
26
34
32
20
10
21
10
18
12
47
24
23
11
23
42
12
23
14
23
17
29
23
41
49
22
50
27
25
15
12
43
18
35
38
44
23
27
33
14
28
34
31
25
39
39
36
50
36
25
39
10
19
33
35
31
41
49
23
22
19
44
30
15
35
31
31
47
30
19
42
18
31
19
22
31
10
50
37
10
32
34
22
48
43
17
44
31
17
25
15
46
40
10
15
37
48
17
19
23
39
24
32
28
11
40
25
37
19
27
15
14
37
16
45
18
41
20
43
30
20
20
47
48
36
35
40
20
48
36
22
47
46
50
10
21
16
42
43
25
40
48
40
40
39
29
21
43
37
42
20
33
14
44
13
38
13
20
16
10
39
30
26
13
33
38
41
19
21
44
49
23
22
35
29
37
30
48
15
50
49
16
41
14
48
46
20
33
40
1 288 8
1 932 34
1 14 99
2 94 8
3 480 77
4 955 21
4 110 59
4 124 99
4 99 19
5 172 93
6 221 33
6 95 71
7 165 17
7 26 43
7 24 60
7 347 67
7 325 45
8 171 87
8 314 78
8 224 84
9 617 67
9 616 36
10 67 92
10 521 84
11 601 13
11 37 95
12 595 23
12 117 86
12 325 100
12 420 19
13 530 45
13 434 30
14 898 95
14 558 29
14 72 16
15 543 83
16 975 51
16 363 51
17 518 32
17 93 89
18 691 34
18 460 90
18 279 31
19 480 94
19 859 72
20 633 96
20 856 52
21 886 95
22 370 68
22 323 12
22 446 16
23 746 89
23 901 28
23 375 22
23 240 6
24 673 73
24 167 18
25 219 5
25 942 8
25 897 8
26 967 58
26 765 69
27 287 93
28 978 78
28 949 10
28 733 29
29 141 46
29 994 73
29 941 48
30 379 63
31 499 79
32 931 74
32 208 39
32 216 51
33 353 84
33 402 57
34 612 87
34 705 55
34 161 93
35 745 79
35 501 85
36 471 60
36 256 52
36 475 70
36 864 60
36 258 68
37 45 6
37 226 99
38 609 12
38 880 88
39 984 12
39 81 82
39 697 11
39 287 48
40 525 1
41 128 32
41 924 62
41 381 35
42 323 97
42 251 76
42 584 69
42 457 24
43 488 44
43 475 58
43 314 28
43 591 9
44 742 17
44 444 26
44 178 46
45 458 54
46 787 75
46 603 19
47 868 61
47 632 37
48 333 8
48 968 81
48 378 5
49 859 53
49 885 37
50 522 30
51 361 18
52 435 88
53 828 62
53 646 4
53 513 33
53 624 27
54 114 24
54 682 100
55 1000 74
55 193 79
55 754 82
56 555 45
56 125 46
57 596 48
57 532 10
57 968 49
57 480 36
57 218 60
58 747 45
58 465 12
58 459 95
59 815 16
59 794 81
59 530 34
60 454 64
60 402 6
60 439 23
60 161 61
60 752 11
61 321 73
61 826 33
62 996 41
62 182 42
63 884 13
63 272 45
63 438 29
64 289 18
64 123 89
64 567 16
64 298 91
65 923 19
65 728 89
65 77 85
65 744 93
66 447 25
66 566 80
66 115 88
67 178 93
67 363 5
68 175 37
69 981 10
69 371 89
70 910 7
70 527 95
70 299 89
70 240 2
71 384 52
71 490 41
71 85 14
72 546 3
72 747 47
73 506 51
73 161 43
73 712 94
73 205 35
74 570 31
74 781 60
75 493 95
75 680 20
76 912 75
77 805 70
78 662 29
78 734 76
78 860 5
79 430 75
79 731 78
80 606 74
80 867 69
80 813 39
80 824 27
80 596 85
80 759 49
81 277 18
81 960 81
81 508 89
82 239 25
82 593 19
83 876 99
83 265 92
83 501 75
83 354 80
84 305 56
84 92 10
84 224 86
84 268 39
84 810 60
85 713 49
85 773 36
85 494 57
86 656 45
87 669 14
87 284 4
87 93 85
87 334 41
88 800 32
88 821 78
89 741 58
89 798 26
89 749 68
90 283 37
91 843 82
91 565 92
93 980 20
93 257 45
93 159 28
93 173 17
94 552 47
94 366 29
95 280 10
95 296 83
95 711 75
96 476 21
96 197 83
97 782 81
97 599 20
97 764 86
98 209 1
98 935 75
98 360 10
98 385 98
99 589 27
99 178 90
99 290 3
100 554 34
100 656 48
101 152 59
101 630 55
101 493 13
102 517 38
103 684 6
103 368 39
103 365 63
103 411 70
103 367 21
104 223 100
104 393 13
104 801 8
105 172 15
105 866 22
106 907 11
106 261 55
107 977 9
108 179 3
109 913 41
109 153 31
110 498 7
111 240 71
111 465 8
112 269 2
112 947 86
112 509 41
112 116 36
112 938 6
113 173 28
114 484 97
114 122 86
114 135 55
114 892 17
115 917 78
115 203 76
115 943 57
115 361 66
116 993 33
116 831 68
117 855 92
118 340 31
118 327 3
119 710 42
119 164 41
119 705 6
119 407 61
120 713 32
121 853 5
121 644 29
121 154 95
121 718 55
122 144 87
123 732 51
123 570 10
124 875 71
125 918 79
126 156 39
126 616 29
127 912 77
128 501 11
129 389 44
130 406 81
131 467 83
132 992 62
133 380 29
133 934 78
133 886 28
134 832 23
135 360 32
135 206 66
136 263 12
137 914 94
138 987 59
138 857 65
138 962 14
138 762 49
139 970 89
139 510 70
139 680 66
140 248 76
140 761 35
142 577 49
142 421 84
142 534 45
142 297 9
143 898 34
144 494 41
144 963 91
144 396 14
145 332 33
145 698 16
145 624 53
145 435 20
146 877 4
146 248 3
147 212 21
148 439 20
149 794 93
149 576 37
150 434 71
150 654 55
150 740 63
151 730 91
151 871 8
153 500 65
154 282 15
154 763 68
155 803 26
155 269 85
156 993 90
157 721 42
157 328 72
157 245 80
158 435 13
159 363 74
159 803 20
160 431 98
160 769 12
160 192 52
160 307 87
161 414 39
162 931 14
162 749 23
163 752 82
164 585 9
164 885 14
164 628 12
164 614 36
165 800 5
166 717 34
167 286 85
167 652 16
168 661 94
168 866 90
169 176 3
169 784 60
170 590 37
170 463 1
170 881 87
170 935 1
170 536 75
171 638 58
172 274 19
172 785 27
172 237 48
173 878 82
173 762 82
173 677 95
173 796 15
173 608 54
173 265 15
174 326 54
175 489 19
175 697 23
176 206 50
177 538 5
177 788 25
177 489 92
179 808 21
179 551 77
179 523 82
180 832 17
181 857 22
182 239 17
182 873 80
183 647 56
184 600 31
184 739 20
185 775 12
185 529 100
185 883 5
186 588 30
186 862 20
186 553 18
186 813 28
187 324 84
187 250 5
187 284 39
188 271 17
188 960 87
189 378 94
189 757 33
190 294 56
190 763 68
190 682 13
191 903 36
192 729 94
192 649 19
194 369 18
194 819 26
194 281 10
195 397 54
196 953 68
197 352 27
197 270 56
197 864 51
198 432 85
198 607 86
198 295 32
199 733 55
199 252 36
200 567 30
201 635 99
201 308 43
202 732 94
202 727 8
203 979 7
203 681 24
204 963 64
205 207 88
205 389 20
206 701 71
206 404 12
206 937 19
207 497 61
207 461 59
207 598 100
207 423 73
208 474 31
208 665 80
209 297 87
210 842 64
211 763 68
212 908 63
212 646 57
213 507 11
214 457 94
214 982 16
214 567 69
215 944 24
215 966 53
216 622 71
217 559 31
217 780 90
218 793 35
218 349 16
219 671 23
219 932 4
220 561 96
220 367 17
220 256 75
221 812 10
221 366 66
222 277 84
222 899 80
223 737 99
224 523 37
224 621 25
224 457 2
225 944 37
226 301 81
226 688 26
226 424 26
227 425 45
228 843 59
228 530 91
229 277 49
229 238 50
229 505 16
230 961 81
230 540 70
231 678 83
232 364 4
232 966 71
232 598 95
232 907 77
233 871 47
234 782 19
234 723 36
235 350 52
235 779 47
236 653 96
236 247 73
237 934 52
238 834 19
238 485 12
239 629 26
239 653 26
240 667 32
240 862 71
240 868 100
241 403 87
241 291 57
241 630 84
242 856 49
242 338 42
242 682 74
243 453 68
243 262 69
244 367 14
244 940 33
245 707 47
245 767 93
246 415 39
246 843 3
246 919 95
247 352 30
248 737 15
248 543 9
248 286 51
249 352 72
251 842 67
251 884 75
252 719 34
253 982 36
253 905 1
253 428 60
254 709 3
254 971 1
254 816 18
254 903 39
254 576 14
255 852 41
256 849 5
258 884 54
259 965 16
260 863 4
260 514 41
260 313 80
261 951 87
261 866 47
262 975 53
263 448 97
264 604 4
266 349 35
266 401 46
267 998 78
267 370 75
268 787 68
270 976 75
270 882 10
270 476 25
270 644 87
271 597 94
271 734 43
272 810 14
273 602 92
273 574 23
273 499 66
274 839 11
274 370 10
275 291 7
275 686 11
276 453 52
276 909 100
277 339 32
278 681 27
278 434 42
279 734 46
281 423 56
282 344 25
283 533 93
284 329 24
284 688 81
285 387 78
286 637 87
286 508 99
287 458 26
288 664 18
289 631 60
290 605 73
291 717 77
291 943 85
291 535 96
292 482 65
293 744 90
293 906 3
293 612 73
294 776 12
294 525 29
295 424 42
295 303 89
296 972 98
296 666 6
298 997 100
299 422 4
300 743 77
300 779 40
300 406 74
301 903 83
301 458 42
301 468 31
302 844 4
302 489 28
302 637 47
303 770 81
303 315 71
303 389 42
304 343 9
304 427 54
304 594 3
306 773 7
306 931 72
307 723 55
308 849 84
309 335 50
310 797 13
311 874 35
311 601 26
312 891 63
312 805 12
313 580 13
314 870 24
315 858 1
315 405 27
315 382 71
316 740 80
316 412 23
316 968 24
317 985 24
317 799 12
317 410 70
317 640 30
318 757 1
318 416 83
319 718 83
319 491 72
320 550 77
320 516 88
320 585 61
322 753 17
322 613 76
323 394 77
325 959 69
326 801 88
327 601 67
330 698 57
331 485 28
331 749 85
332 692 77
333 674 67
334 658 26
335 848 65
335 353 96
336 951 74
337 666 14
337 982 67
337 966 8
338 490 99
338 568 82
340 811 86
340 383 91
341 980 40
341 376 94
342 956 54
342 422 52
344 902 41
344 886 30
344 905 16
345 936 11
346 899 84
347 562 39
347 360 30
347 482 58
348 758 16
348 960 55
349 592 74
351 695 18
351 362 58
351 423 44
352 533 30
352 687 83
353 795 32
353 426 63
353 511 70
354 840 18
354 884 40
355 381 45
355 397 68
356 593 37
357 881 50
357 628 7
357 452 95
358 421 15
359 837 59
360 810 26
360 587 45
361 394 45
361 989 48
362 742 76
362 448 26
363 611 18
363 644 67
365 564 51
367 815 37
369 483 68
371 956 92
371 576 16
371 730 69
371 483 90
372 836 21
372 938 69
372 623 40
373 986 57
373 536 58
374 727 92
374 390 94
374 965 85
374 804 1
375 726 58
375 881 58
375 455 30
376 921 93
377 580 29
377 813 96
377 646 76
377 610 70
378 790 82
379 458 43
379 785 50
382 672 47
382 405 6
382 434 90
382 902 34
383 828 82
385 825 30
385 469 26
386 848 2
387 515 16
387 425 45
388 411 28
389 932 93
391 639 89
391 593 22
391 829 42
392 792 89
392 463 91
393 990 57
393 728 60
394 481 83
394 895 83
394 941 69
395 830 37
395 820 68
395 634 34
395 883 82
395 829 100
396 946 32
396 662 89
396 686 49
397 925 77
397 561 19
398 895 87
399 431 11
400 480 15
400 459 81
400 947 64
401 744 17
404 728 78
405 554 86
406 411 17
406 422 86
407 770 4
408 722 64
408 801 34
409 883 68
410 455 80
410 495 30
412 887 33
412 803 77
413 915 4
413 583 59
414 456 4
415 608 26
415 861 1
416 720 10
416 987 88
417 789 99
417 452 72
417 773 54
418 786 60
418 609 42
419 479 17
420 945 97
420 683 50
421 817 24
421 437 25
422 480 6
422 725 70
422 494 48
423 571 46
423 950 46
424 636 14
425 750 93
425 714 59
426 536 33
426 857 33
427 769 30
427 604 51
428 513 16
428 583 36
429 605 91
430 565 37
433 651 93
433 591 88
433 700 22
435 904 40
436 534 61
436 525 46
437 873 86
437 962 26
438 954 60
438 925 87
440 568 19
440 605 31
441 834 89
441 610 46
442 832 25
442 866 72
443 791 16
443 500 32
443 599 52
444 736 43
444 522 37
445 611 49
445 785 81
446 719 45
447 600 30
448 900 27
449 842 50
450 999 62
451 694 58
451 851 71
454 929 8
454 876 68
456 680 14
456 679 92
457 625 42
457 497 77
458 575 70
459 713 100
461 521 45
462 827 27
462 897 100
462 849 32
464 553 35
465 616 49
465 620 85
466 477 9
466 839 31
466 808 75
467 795 33
468 506 89
469 962 11
469 870 48
470 889 85
470 940 13
472 929 72
472 925 9
472 918 63
472 994 48
473 995 46
473 924 32
473 718 15
474 864 22
474 980 19
477 897 15
478 983 4
478 516 35
478 542 3
479 741 14
481 804 77
482 707 52
483 504 33
483 810 42
486 833 5
486 495 3
486 796 10
487 807 24
487 734 22
488 630 53
489 841 83
489 831 27
490 748 5
490 607 55
491 950 49
491 556 94
492 802 30
492 908 39
493 496 20
494 771 54
495 904 99
495 506 8
496 921 79
498 801 98
498 517 68
499 544 64
499 511 92
501 896 89
502 548 45
502 754 83
502 617 54
503 991 29
503 781 87
505 591 94
505 508 88
507 702 36
507 665 65
507 516 24
508 524 20
509 982 19
510 761 96
511 819 36
512 642 35
512 892 54
512 883 31
513 821 26
513 989 69
515 971 77
515 569 68
515 587 35
516 999 89
517 565 82
518 847 20
518 560 66
519 871 23
519 534 65
519 711 8
520 735 12
520 826 54
524 801 52
525 600 16
526 537 20
528 682 36
528 542 43
528 755 32
529 977 78
531 800 76
535 953 60
536 676 46
537 561 67
539 796 14
539 680 62
540 655 85
541 837 94
541 959 66
542 982 27
542 851 45
542 943 19
543 650 59
543 719 77
543 927 75
545 850 21
546 920 88
547 652 20
547 628 11
549 613 21
552 953 81
552 875 35
553 723 76
556 725 4
557 698 24
558 950 8
559 895 37
560 980 13
562 644 89
562 659 79
563 791 8
565 752 26
565 814 41
566 666 36
566 953 45
567 835 17
567 605 98
567 694 28
569 609 73
569 837 27
571 773 77
572 867 8
573 809 70
573 653 38
573 665 93
573 973 29
576 621 97
577 578 81
577 989 39
578 689 51
578 789 77
579 893 98
579 770 58
581 675 13
582 900 19
582 766 27
583 734 8
583 773 42
583 862 29
584 643 69
586 838 85
587 951 68
589 887 6
590 729 65
592 633 39
594 933 60
598 798 99
603 850 55
604 631 1
605 749 91
608 969 64
610 815 97
613 826 64
614 860 34
615 622 82
617 814 19
617 905 77
617 874 38
617 778 78
617 661 13
618 718 36
618 864 67
619 889 83
620 733 63
622 866 80
622 993 54
623 838 2
623 833 18
624 912 9
624 802 21
625 843 7
626 640 74
626 841 47
626 653 83
627 724 88
631 902 46
632 747 20
632 934 61
635 647 63
635 712 76
636 828 59
637 739 89
638 657 95
640 894 68
641 651 91
643 686 92
645 872 26
645 753 15
647 992 97
648 652 8
650 957 38
651 919 65
654 803 60
655 696 56
656 935 71
658 940 33
658 752 12
659 695 20
660 688 16
661 799 55
661 676 62
662 914 59
663 807 31
665 899 22
665 787 26
666 689 69
667 745 58
668 730 62
668 835 68
669 997 31
670 781 27
675 695 67
675 933 25
676 999 90
677 884 7
678 982 68
678 853 93
679 715 65
681 733 73
682 767 33
682 892 19
683 932 55
684 999 82
685 974 34
686 750 77
687 790 21
688 777 22
690 940 96
693 968 49
694 986 10
696 936 69
696 768 89
696 873 40
698 880 26
699 808 18
700 977 75
700 810 17
702 780 34
703 926 61
703 714 88
703 783 78
704 819 20
706 907 83
706 875 72
707 785 95
708 887 93
711 724 20
712 889 48
712 879 34
713 995 85
715 901 86
716 736 26
717 927 9
717 912 22
719 988 8
719 864 20
723 730 87
724 787 81
725 807 65
725 930 44
730 768 24
730 754 60
731 991 3
731 899 92
738 848 62
738 797 75
739 788 23
742 909 28
748 988 36
748 930 6
749 823 44
750 777 53
751 790 63
751 765 30
754 861 67
755 928 55
755 1000 26
756 977 87
757 796 61
758 793 86
759 889 77
760 900 53
761 888 68
764 907 76
765 826 96
766 889 22
767 906 3
767 824 60
769 916 19
771 954 53
772 904 43
774 934 50
774 879 51
775 860 21
778 809 7
780 797 11
781 822 70
781 906 37
783 835 42
784 934 45
787 938 76
788 974 73
794 907 57
798 914 21
805 852 80
805 897 28
806 936 16
810 906 56
812 846 64
816 933 75
818 887 78
819 964 84
824 879 8
826 869 17
828 856 82
828 933 78
829 941 60
829 973 86
832 919 57
832 991 79
843 858 71
845 973 82
845 904 93
850 892 16
854 881 8
860 952 12
860 898 57
861 942 64
861 937 5
864 869 7
864 872 99
865 873 33
879 968 79
882 958 73
890 911 38
890 977 40
892 922 54
905 930 37
908 933 57
909 963 17
921 996 61
930 952 28
937 974 90
939 947 99
945 962 47
947 966 73
948 965 9
954 976 10
707 500
207 212
62 820
414 412
769 385
485 706
417 490
778 834
124 375
840 309
820 424
37 239
920 119
838 329
453 456
892 436
275 857
745 586
243 557
575 547
347 42
433 405
495 130
236 121
115 284
505 522
830 488
180 648
638 131
887 528
448 566
76 710
731 906
918 401
122 878
452 445
952 926
940 800
595 372
775 94
263 781
15 350
540 5
380 767
436 933
60 197
323 536
287 958
858 83
772 853
