100 110 10
29
16
49
50
13
24
25
12
31
49
44
13
46
48
48
11
42
35
18
23
35
36
48
23
28
23
44
44
33
16
19
18
18
18
36
14
45
44
18
12
20
13
13
21
48
12
31
35
49
32
34
46
43
24
16
32
40
12
50
44
24
17
27
45
33
36
19
15
24
15
36
19
28
24
27
45
24
44
38
27
40
49
48
49
33
10
31
44
14
47
15
29
22
23
47
16
12
40
40
11
1 50 65
1 33 94
1 85 73
2 90 79
2 64 15
3 24 68
3 91 69
4 30 17
5 64 85
5 21 21
6 82 8
7 54 67
8 12 27
9 81 62
9 45 74
9 36 40
10 56 54
11 18 92
11 31 72
12 24 65
12 15 11
13 58 73
14 96 94
14 52 30
15 77 55
15 70 47
16 74 29
17 20 36
17 26 70
17 44 99
17 65 9
18 84 1
19 70 59
20 73 43
21 59 7
21 88 31
22 31 36
23 80 7
24 92 87
25 64 13
26 69 39
26 87 27
27 97 14
27 89 97
28 99 14
28 83 96
28 69 89
29 58 96
30 71 43
30 35 2
30 78 34
31 52 46
31 87 64
32 82 87
32 85 69
33 40 45
33 65 22
34 44 97
34 41 41
34 87 59
34 62 26
34 82 64
36 79 27
37 90 12
38 88 21
38 99 49
39 79 80
39 41 97
42 92 19
43 49 3
46 63 99
47 93 9
47 69 92
48 52 71
48 62 15
49 72 92
51 86 73
51 57 2
51 100 14
52 60 76
52 70 58
53 72 79
54 98 18
54 95 43
55 84 4
56 61 74
56 65 77
58 93 69
58 89 32
59 89 53
59 84 72
62 76 45
63 64 89
63 86 19
63 85 44
65 68 49
65 66 13
67 98 14
70 94 28
72 97 26
74 91 37
75 82 14
76 82 35
78 96 83
79 95 45
79 99 13
80 100 72
80 93 54
80 97 8
83 91 27
95 28
55 20
42 57
40 97
3 19
51 42
75 61
49 69
78 84
56 64
